# BLASTP 2.7.1+
# Query: 1A3K:A
# Database: lectin
# Fields: query acc.ver, subject acc.ver, % identity, alignment length, mismatches, gap opens, q. start, q. end, s. start, s. end, evalue, bit score
# 278 hits found
1A3K:A	4BM8:A	100.000	137	0	0	1	137	2	138	1.35e-101	282
1A3K:A	2XG3:A	100.000	137	0	0	1	137	2	138	1.35e-101	282
1A3K:A	1A3K:A	100.000	137	0	0	1	137	1	137	1.61e-101	282
1A3K:A	6F6Y:A	100.000	137	0	0	1	137	2	138	1.80e-101	282
1A3K:A	5OAX:A	100.000	137	0	0	1	137	2	138	1.80e-101	282
1A3K:A	4BLJ:A	100.000	137	0	0	1	137	2	138	1.80e-101	282
1A3K:A	4BLI:A	100.000	137	0	0	1	137	2	138	1.80e-101	282
1A3K:A	3ZSM:A	100.000	137	0	0	1	137	2	138	1.80e-101	282
1A3K:A	3ZSL:A	100.000	137	0	0	1	137	2	138	1.80e-101	282
1A3K:A	3ZSK:A	100.000	137	0	0	1	137	2	138	1.80e-101	282
1A3K:A	6RHM:A	100.000	137	0	0	1	137	2	138	2.22e-101	282
1A3K:A	6RHL:A	100.000	137	0	0	1	137	2	138	2.22e-101	282
1A3K:A	6QLU:A	100.000	137	0	0	1	137	2	138	2.22e-101	282
1A3K:A	6QLT:A	100.000	137	0	0	1	137	2	138	2.22e-101	282
1A3K:A	6QLS:A	100.000	137	0	0	1	137	2	138	2.22e-101	282
1A3K:A	6QLR:A	100.000	137	0	0	1	137	2	138	2.22e-101	282
1A3K:A	6QLQ:B	100.000	137	0	0	1	137	2	138	2.22e-101	282
1A3K:A	6QLP:A	100.000	137	0	0	1	137	2	138	2.22e-101	282
1A3K:A	6QLO:A	100.000	137	0	0	1	137	2	138	2.22e-101	282
1A3K:A	6QLN:A	100.000	137	0	0	1	137	2	138	2.22e-101	282
1A3K:A	6QGF:A	100.000	137	0	0	1	137	2	138	2.22e-101	282
1A3K:A	6QGE:A	100.000	137	0	0	1	137	2	138	2.22e-101	282
1A3K:A	6I78:A	100.000	137	0	0	1	137	2	138	2.22e-101	282
1A3K:A	6I77:A	100.000	137	0	0	1	137	2	138	2.22e-101	282
1A3K:A	6I76:A	100.000	137	0	0	1	137	2	138	2.22e-101	282
1A3K:A	6I75:A	100.000	137	0	0	1	137	2	138	2.22e-101	282
1A3K:A	6I74:A	100.000	137	0	0	1	137	2	138	2.22e-101	282
1A3K:A	6FK2:A	100.000	137	0	0	1	137	2	138	2.22e-101	282
1A3K:A	6F2Q:A	100.000	137	0	0	1	137	2	138	2.22e-101	282
1A3K:A	5ODY:A	100.000	137	0	0	1	137	2	138	2.22e-101	282
1A3K:A	5IUQ:A	100.000	137	0	0	1	137	2	138	2.22e-101	282
1A3K:A	4LBO:A	100.000	137	0	0	1	137	2	138	2.22e-101	282
1A3K:A	3ZSJ:A	100.000	137	0	0	1	137	2	138	2.22e-101	282
1A3K:A	2NN8:A	100.000	137	0	0	1	137	2	138	2.22e-101	282
1A3K:A	2NMO:A	100.000	137	0	0	1	137	2	138	2.22e-101	282
1A3K:A	2NMN:A	100.000	137	0	0	1	137	2	138	2.22e-101	282
1A3K:A	4RL7:A	100.000	137	0	0	1	137	8	144	2.63e-101	282
1A3K:A	4R9D:A	100.000	137	0	0	1	137	8	144	2.63e-101	282
1A3K:A	4R9C:A	100.000	137	0	0	1	137	8	144	2.63e-101	282
1A3K:A	4R9B:A	100.000	137	0	0	1	137	8	144	2.63e-101	282
1A3K:A	4R9A:A	100.000	137	0	0	1	137	8	144	2.63e-101	282
1A3K:A	5H9R:A	100.000	137	0	0	1	137	13	149	2.74e-101	282
1A3K:A	5H9P:A	100.000	137	0	0	1	137	13	149	2.74e-101	282
1A3K:A	4XBN:A	100.000	137	0	0	1	137	13	149	2.74e-101	282
1A3K:A	6B8K:A	100.000	137	0	0	1	137	3	139	2.89e-101	281
1A3K:A	5EXO:A	100.000	137	0	0	1	137	3	139	2.89e-101	281
1A3K:A	5E8A:A	100.000	137	0	0	1	137	3	139	2.89e-101	281
1A3K:A	5E89:A	100.000	137	0	0	1	137	3	139	2.89e-101	281
1A3K:A	5E88:A	100.000	137	0	0	1	137	3	139	2.89e-101	281
1A3K:A	4LBN:A	100.000	137	0	0	1	137	3	139	2.89e-101	281
1A3K:A	4LBM:A	100.000	137	0	0	1	137	3	139	2.89e-101	281
1A3K:A	4JCK:A	100.000	137	0	0	1	137	7	143	3.07e-101	282
1A3K:A	4JC1:A	100.000	137	0	0	1	137	7	143	3.07e-101	282
1A3K:A	3T1M:A	100.000	137	0	0	1	137	7	143	3.07e-101	282
1A3K:A	3T1L:A	100.000	137	0	0	1	137	7	143	3.07e-101	282
1A3K:A	5NFC:A	100.000	137	0	0	1	137	11	147	3.84e-101	281
1A3K:A	5NFA:A	100.000	137	0	0	1	137	11	147	3.84e-101	281
1A3K:A	5NF9:A	100.000	137	0	0	1	137	11	147	3.84e-101	281
1A3K:A	1KJR:A	100.000	137	0	0	1	137	10	146	5.04e-101	281
1A3K:A	1KJL:A	100.000	137	0	0	1	137	10	146	5.04e-101	281
1A3K:A	6FOF:A	100.000	137	0	0	1	137	60	196	5.64e-101	283
1A3K:A	5NFB:A	100.000	137	0	0	1	137	40	176	9.50e-101	282
1A3K:A	5NF7:A	100.000	137	0	0	1	137	40	176	9.50e-101	282
1A3K:A	4LBL:A	99.270	137	1	0	1	137	2	138	1.79e-100	280
1A3K:A	4LBK:A	99.270	137	1	0	1	137	2	138	1.79e-100	280
1A3K:A	4LBJ:A	99.270	137	1	0	1	137	2	138	1.79e-100	280
1A3K:A	3AYE:A	99.259	135	1	0	3	137	1	135	7.75e-100	278
1A3K:A	3AYD:A	99.259	135	1	0	3	137	1	135	7.75e-100	278
1A3K:A	3AYA:A	99.259	135	1	0	3	137	1	135	7.75e-100	278
1A3K:A	4WVW:A	41.429	140	73	3	2	135	7	143	6.08e-034	112
1A3K:A	4WVV:A	41.429	140	73	3	2	135	7	143	7.53e-034	111
1A3K:A	2D6P:A	40.441	136	75	3	2	134	16	148	1.26e-033	111
1A3K:A	2D6O:X	40.441	136	75	3	2	134	16	148	1.26e-033	111
1A3K:A	2D6N:A	40.441	136	75	3	2	134	16	148	1.26e-033	111
1A3K:A	2D6M:A	40.441	136	75	3	2	134	16	148	1.26e-033	111
1A3K:A	2D6L:X	40.441	136	75	3	2	134	16	148	1.26e-033	111
1A3K:A	2D6K:A	40.441	136	75	3	2	134	16	148	1.26e-033	111
1A3K:A	5JPG:A	41.667	132	72	2	1	130	13	141	3.85e-033	109
1A3K:A	5JP5:A	41.667	132	72	2	1	130	13	141	3.85e-033	109
1A3K:A	3NV4:A	42.308	130	70	2	3	130	8	134	5.50e-033	109
1A3K:A	3NV3:A	42.308	130	70	2	3	130	8	134	5.50e-033	109
1A3K:A	3NV2:A	42.308	130	70	2	3	130	8	134	5.50e-033	109
1A3K:A	3NV1:A	42.308	130	70	2	3	130	8	134	5.50e-033	109
1A3K:A	5NMJ:A	37.500	128	75	2	10	135	10	134	1.58e-031	105
1A3K:A	5NM6:A	37.500	128	75	2	10	135	10	134	1.58e-031	105
1A3K:A	5NM1:A	37.500	128	75	2	10	135	10	134	1.58e-031	105
1A3K:A	5NLZ:A	37.500	128	75	2	10	135	10	134	1.58e-031	105
1A3K:A	5NLH:A	37.500	128	75	2	10	135	10	134	1.58e-031	105
1A3K:A	5NLE:A	37.500	128	75	2	10	135	10	134	1.58e-031	105
1A3K:A	5NLD:A	37.500	128	75	2	10	135	10	134	1.58e-031	105
1A3K:A	2YY1:A	38.686	137	77	4	3	135	22	155	2.41e-030	103
1A3K:A	2ZHN:A	38.971	136	76	4	3	134	15	147	3.16e-030	102
1A3K:A	2ZHM:A	38.971	136	76	4	3	134	15	147	3.16e-030	102
1A3K:A	2ZHL:A	38.971	136	76	4	3	134	15	147	3.16e-030	102
1A3K:A	2ZHK:A	38.971	136	76	4	3	134	15	147	3.16e-030	102
1A3K:A	2EAL:A	38.971	136	76	4	3	134	15	147	3.16e-030	102
1A3K:A	2EAK:A	38.971	136	76	4	3	134	15	147	3.16e-030	102
1A3K:A	3LSE:A	38.971	136	76	4	3	134	10	142	3.39e-030	102
1A3K:A	3LSD:A	38.971	136	76	4	3	134	10	142	3.39e-030	102
1A3K:A	3WLU:A	38.971	136	76	4	3	134	11	143	3.68e-030	102
1A3K:A	2DYC:A	37.500	136	78	3	3	134	16	148	5.32e-030	102
1A3K:A	3I8T:A	37.500	136	78	3	3	134	19	151	6.27e-030	102
1A3K:A	4BME:A	40.426	141	75	3	2	136	13	150	8.78e-030	101
1A3K:A	2YXS:A	40.714	140	74	3	2	135	23	159	8.92e-030	101
1A3K:A	2YV8:A	40.714	140	74	3	2	135	23	159	8.92e-030	101
1A3K:A	5GZE:A	39.716	141	76	3	2	136	10	147	3.33e-029	99.8
1A3K:A	5GZD:A	39.716	141	76	3	2	136	10	147	3.33e-029	99.8
1A3K:A	5GZC:A	39.716	141	76	3	2	136	10	147	3.37e-029	100
1A3K:A	3VKO:A	39.716	141	76	3	2	136	16	153	3.69e-029	100
1A3K:A	3VKN:A	39.716	141	76	3	2	136	16	153	3.69e-029	100
1A3K:A	3APB:A	39.716	141	76	3	2	136	16	153	3.75e-029	100
1A3K:A	3AP9:A	39.716	141	76	3	2	136	16	153	3.75e-029	100
1A3K:A	3AP7:A	39.716	141	76	3	2	136	16	153	3.75e-029	100
1A3K:A	3AP6:A	39.716	141	76	3	2	136	16	153	3.75e-029	100
1A3K:A	3AP5:A	39.716	141	76	3	2	136	16	153	3.75e-029	100
1A3K:A	3AP4:A	39.716	141	76	3	2	136	16	153	3.75e-029	100
1A3K:A	5VWG:A	39.716	141	76	3	2	136	16	153	3.77e-029	100
1A3K:A	5T7U:A	39.716	141	76	3	2	136	16	153	3.77e-029	100
1A3K:A	5T7T:A	39.716	141	76	3	2	136	16	153	3.77e-029	100
1A3K:A	5T7S:A	39.716	141	76	3	2	136	16	153	3.77e-029	100
1A3K:A	5T7I:A	39.716	141	76	3	2	136	16	153	3.77e-029	100
1A3K:A	4BMB:A	39.716	141	76	3	2	136	13	150	3.88e-029	99.8
1A3K:A	5GZG:A	40.000	140	75	3	2	135	19	155	8.26e-029	100
1A3K:A	5GZF:A	40.000	140	75	3	2	135	19	155	8.26e-029	100
1A3K:A	4FQZ:A	39.716	141	76	3	2	136	16	153	7.06e-028	100
1A3K:A	4FQZ:A	37.692	130	75	3	3	129	159	285	4.67e-021	82.0
1A3K:A	3VKM:A	39.716	141	76	3	2	136	16	153	7.06e-028	100
1A3K:A	3VKM:A	37.692	130	75	3	3	129	159	285	4.67e-021	82.0
1A3K:A	3VKL:A	39.716	141	76	3	2	136	16	153	7.06e-028	100
1A3K:A	3VKL:A	37.692	130	75	3	3	129	159	285	4.67e-021	82.0
1A3K:A	4HAN:A	39.716	141	76	3	2	136	18	155	7.23e-028	100
1A3K:A	4HAN:A	37.692	130	75	3	3	129	161	287	4.79e-021	82.0
1A3K:A	4Y26:A	35.821	134	78	3	2	131	11	140	4.11e-027	94.4
1A3K:A	3ZXE:A	36.090	133	77	3	3	131	1	129	6.69e-027	93.6
1A3K:A	4UW6:A	36.090	133	77	3	3	131	4	132	7.25e-027	93.6
1A3K:A	4UW5:A	36.090	133	77	3	3	131	4	132	7.25e-027	93.6
1A3K:A	4UW4:A	36.090	133	77	3	3	131	4	132	7.25e-027	93.6
1A3K:A	4UW3:A	36.090	133	77	3	3	131	4	132	7.25e-027	93.6
1A3K:A	3ZXF:A	36.090	133	77	3	3	131	6	134	7.65e-027	93.6
1A3K:A	5H9S:A	36.090	133	77	3	3	131	14	142	8.13e-027	93.6
1A3K:A	5H9Q:A	36.090	133	77	3	3	131	14	142	8.13e-027	93.6
1A3K:A	4XBQ:A	36.090	133	77	3	3	131	14	142	8.13e-027	93.6
1A3K:A	5GAL:A	36.090	133	77	3	3	131	3	131	8.49e-027	93.2
1A3K:A	4GAL:A	36.090	133	77	3	3	131	3	131	8.49e-027	93.2
1A3K:A	3GAL:A	36.090	133	77	3	3	131	3	131	8.49e-027	93.2
1A3K:A	2GAL:A	36.090	133	77	3	3	131	3	131	8.49e-027	93.2
1A3K:A	1BKZ:A	36.090	133	77	3	3	131	3	131	8.49e-027	93.2
1A3K:A	5DUX:A	36.029	136	80	3	3	134	17	149	1.15e-025	90.9
1A3K:A	5DUW:A	36.029	136	80	3	3	134	17	149	1.15e-025	90.9
1A3K:A	5DUV:A	36.029	136	80	3	3	134	17	149	1.15e-025	90.9
1A3K:A	5DUU:A	36.029	136	80	3	3	134	17	149	1.15e-025	90.9
1A3K:A	4XZP:A	36.029	136	80	3	3	134	27	159	1.37e-025	90.9
1A3K:A	2WT2:A	35.156	128	78	1	5	127	178	305	1.04e-023	89.7
1A3K:A	2WT2:A	36.154	130	78	3	3	130	22	148	1.26e-021	84.0
1A3K:A	2WT1:A	35.156	128	78	1	5	127	178	305	1.04e-023	89.7
1A3K:A	2WT1:A	36.154	130	78	3	3	130	22	148	1.26e-021	84.0
1A3K:A	2WT0:A	35.156	128	78	1	5	127	178	305	1.04e-023	89.7
1A3K:A	2WT0:A	36.154	130	78	3	3	130	22	148	1.26e-021	84.0
1A3K:A	2WSV:A	35.156	128	78	1	5	127	178	305	1.04e-023	89.7
1A3K:A	2WSV:A	36.154	130	78	3	3	130	22	148	1.26e-021	84.0
1A3K:A	2WSU:A	35.156	128	78	1	5	127	178	305	1.04e-023	89.7
1A3K:A	2WSU:A	36.154	130	78	3	3	130	22	148	1.26e-021	84.0
1A3K:A	2YRO:A	37.879	132	76	3	1	129	15	143	1.27e-022	83.2
1A3K:A	3OJB:A	37.692	130	75	3	3	129	1	127	1.36e-022	82.4
1A3K:A	4GXL:A	37.692	130	75	3	3	129	11	137	1.52e-022	82.8
1A3K:A	5CBL:A	35.115	131	79	3	3	130	17	144	4.03e-022	81.6
1A3K:A	1X50:A	35.115	131	79	3	3	130	27	154	5.24e-022	82.0
1A3K:A	4YM3:A	35.115	131	79	3	3	130	22	149	5.34e-022	81.6
1A3K:A	4YM2:A	35.115	131	79	3	3	130	22	149	5.34e-022	81.6
1A3K:A	4YM1:A	35.115	131	79	3	3	130	22	149	5.34e-022	81.6
1A3K:A	4YM0:A	35.115	131	79	3	3	130	22	149	5.34e-022	81.6
1A3K:A	4YLZ:A	35.115	131	79	3	3	130	22	149	5.34e-022	81.6
1A3K:A	1W6P:A	29.508	122	83	3	15	134	13	133	1.57e-018	72.0
1A3K:A	1W6O:A	29.508	122	83	3	15	134	13	133	1.57e-018	72.0
1A3K:A	1W6N:A	29.508	122	83	3	15	134	13	133	1.57e-018	72.0
1A3K:A	1W6M:A	29.508	122	83	3	15	134	13	133	1.57e-018	72.0
1A3K:A	3DUI:A	31.200	125	82	4	12	134	12	134	3.00e-018	71.6
1A3K:A	4NO4:A	27.049	122	86	3	15	134	13	133	5.01e-018	70.9
1A3K:A	3M2M:A	27.049	122	86	3	15	134	13	133	5.29e-018	70.9
1A3K:A	5EWS:A	32.203	118	75	3	15	131	17	130	6.34e-018	70.5
1A3K:A	4GA9:A	27.049	122	86	3	15	134	13	133	6.91e-018	70.5
1A3K:A	1HLC:A	32.203	118	75	3	15	131	11	124	6.99e-018	70.5
1A3K:A	5DG2:A	32.203	118	75	3	15	131	17	130	7.07e-018	70.5
1A3K:A	5DG1:A	32.203	118	75	3	15	131	17	130	7.07e-018	70.5
1A3K:A	4Q2F:A	28.689	122	84	3	15	134	15	135	1.44e-017	69.7
1A3K:A	4Q27:A	28.689	122	84	3	15	134	15	135	1.44e-017	69.7
1A3K:A	4Q26:A	28.689	122	84	3	15	134	15	135	1.44e-017	69.7
1A3K:A	4Q1R:A	28.689	122	84	3	15	134	15	135	1.44e-017	69.7
1A3K:A	4Q1P:A	28.689	122	84	3	15	134	15	135	1.44e-017	69.7
1A3K:A	3T2T:A	28.689	122	84	3	15	134	14	134	1.47e-017	69.7
1A3K:A	5MWX:A	28.689	122	84	3	15	134	12	132	1.58e-017	69.7
1A3K:A	5MWT:A	28.689	122	84	3	15	134	12	132	1.58e-017	69.7
1A3K:A	6F83:A	28.689	122	84	3	15	134	13	133	1.70e-017	69.3
1A3K:A	6B94:A	28.689	122	84	3	15	134	13	133	1.70e-017	69.3
1A3K:A	3W59:A	28.689	122	84	3	15	134	13	133	1.70e-017	69.3
1A3K:A	3W58:A	28.689	122	84	3	15	134	13	133	1.70e-017	69.3
1A3K:A	3OYW:A	28.689	122	84	3	15	134	13	133	1.70e-017	69.3
1A3K:A	3OY8:A	28.689	122	84	3	15	134	13	133	1.70e-017	69.3
1A3K:A	2KM2:A	28.689	122	84	3	15	134	13	133	1.70e-017	69.3
1A3K:A	1GZW:A	28.689	122	84	3	15	134	13	133	1.70e-017	69.3
1A3K:A	4Y1Y:A	28.689	122	84	3	15	134	22	142	1.92e-017	69.7
1A3K:A	4Y24:A	28.689	122	84	3	15	134	23	143	1.98e-017	69.7
1A3K:A	4Y22:A	28.689	122	84	3	15	134	23	143	1.98e-017	69.7
1A3K:A	4Y20:A	28.689	122	84	3	15	134	23	143	1.98e-017	69.7
1A3K:A	4Y1Z:A	28.689	122	84	3	15	134	23	143	1.98e-017	69.7
1A3K:A	4Y1X:A	28.689	122	84	3	15	134	23	143	1.98e-017	69.7
1A3K:A	4Y1V:A	28.689	122	84	3	15	134	23	143	1.98e-017	69.7
1A3K:A	4Y1U:A	28.689	122	84	3	15	134	23	143	1.98e-017	69.7
1A3K:A	4XBL:A	28.689	122	84	3	15	134	24	144	2.00e-017	69.7
1A3K:A	4LBQ:A	27.869	122	85	3	15	134	14	134	3.81e-017	68.6
1A3K:A	5GM0:A	32.824	131	82	4	3	131	148	274	6.46e-017	70.5
1A3K:A	5GM0:A	29.851	134	83	4	3	130	9	137	9.78e-014	62.0
1A3K:A	5GLZ:A	32.824	131	82	4	3	131	148	274	6.46e-017	70.5
1A3K:A	5GLZ:A	29.851	134	83	4	3	130	9	137	9.78e-014	62.0
1A3K:A	5GLW:A	32.824	131	82	4	3	131	148	274	6.46e-017	70.5
1A3K:A	5GLW:A	29.851	134	83	4	3	130	9	137	9.78e-014	62.0
1A3K:A	5GLV:A	32.824	131	82	4	3	131	148	274	6.46e-017	70.5
1A3K:A	5GLV:A	29.851	134	83	4	3	130	9	137	9.78e-014	62.0
1A3K:A	5GLU:A	32.824	131	82	4	3	131	148	274	6.46e-017	70.5
1A3K:A	5GLU:A	29.851	134	83	4	3	130	9	137	9.78e-014	62.0
1A3K:A	5GLT:A	32.824	131	82	4	3	131	148	274	6.46e-017	70.5
1A3K:A	5GLT:A	29.851	134	83	4	3	130	9	137	9.78e-014	62.0
1A3K:A	4HL0:A	32.824	131	82	4	3	131	148	274	6.46e-017	70.5
1A3K:A	4HL0:A	29.851	134	83	4	3	130	9	137	9.78e-014	62.0
1A3K:A	2YMZ:A	35.156	128	74	4	5	131	7	126	6.95e-017	67.8
1A3K:A	3WUD:A	32.203	118	76	4	18	133	19	134	1.05e-016	67.4
1A3K:A	1W6Q:A	27.869	122	85	3	15	134	13	133	1.25e-016	67.4
1A3K:A	2ZKN:A	28.689	122	84	3	15	134	13	133	1.65e-016	67.0
1A3K:A	3AJZ:A	31.356	118	74	4	17	130	16	130	1.43e-015	64.7
1A3K:A	1SLT:A	27.869	122	85	3	15	134	13	133	5.13e-015	63.2
1A3K:A	1SLC:A	27.869	122	85	3	15	134	13	133	5.13e-015	63.2
1A3K:A	1SLB:A	27.869	122	85	3	15	134	13	133	5.13e-015	63.2
1A3K:A	1SLA:A	27.869	122	85	3	15	134	13	133	5.13e-015	63.2
1A3K:A	3AK0:A	30.508	118	75	4	17	130	16	130	7.94e-015	62.4
1A3K:A	3AJY:A	28.696	115	79	3	18	130	17	130	2.13e-014	61.6
1A3K:A	1QMJ:A	25.600	125	89	4	13	135	10	132	9.66e-014	59.7
1A3K:A	6A64:A	30.714	140	83	5	1	133	3	135	1.26e-012	57.0
1A3K:A	6A62:A	30.000	140	84	5	1	133	3	135	8.14e-012	54.7
1A3K:A	1WLD:A	28.125	128	84	5	6	130	8	130	8.20e-012	54.7
1A3K:A	1GAN:A	29.126	103	69	3	15	115	14	114	9.83e-012	54.3
1A3K:A	1A78:A	29.126	103	69	3	15	115	14	114	1.01e-011	54.3
1A3K:A	1WLC:A	28.125	128	84	5	6	130	8	130	1.66e-011	53.9
1A3K:A	6A63:A	30.000	140	84	5	1	133	3	135	1.70e-011	53.9
1A3K:A	6A65:A	30.000	140	84	5	1	133	3	135	1.77e-011	53.9
1A3K:A	1IS6:A	27.344	128	85	5	6	130	8	130	4.19e-011	52.8
1A3K:A	1IS5:A	27.344	128	85	5	6	130	8	130	4.19e-011	52.8
1A3K:A	1IS4:A	27.344	128	85	5	6	130	8	130	4.19e-011	52.8
1A3K:A	1IS3:A	27.344	128	85	5	6	130	8	130	4.19e-011	52.8
