5OFZ.D	2ZG3.A	6,24	8,99	26,97
1OD7.A	5V6K.A	8,17	6,56	21,31
1FLC.A	6A56.A	6,40	7,34	17,43
1IIY.A	2ZG3.A	5,69	6,06	16,67
4YG0.A	2WQ4.B	5,55	3,53	11,76
1FLC.A	4CSD.B	9,51	1,32	10,53
2WT2.A	3CQO.B	4,58	9,09	23,23
5T5P.A	3ZZV.C	4,03	5,41	17,57
2WRA.A	2JWP.A	3,62	7,69	20,51
3CQO.B	4CSD.B	7,33	5,81	18,60
3WG4.A	2HB0.A	6,30	4,90	19,61
1B09.A	4MBZ.F	5,24	6,98	17,44
2WRA.A	1OD7.A	5,34	5,06	15,19
2WRA.A	5V6K.A	9,51	6,85	13,70
4Q56.A	4AFC.A	8,19	2,56	14,10
2JWP.A	2L9Y.A	6,55	2,13	8,51
1UXA.A	2RKC.A	5,86	5,62	17,98
1IIY.A	1J8R.A	6,19	14,29	16,07
1J8R.A	3CQO.B	5,32	6,19	16,49
4AGG.A	4WE2.A	5,91	6,19	16,49
1Y2X.B	3A5P.C	4,68	5,26	15,79
2ZG3.A	1OD7.A	2,46	29,57	49,57
2WN3.C	4AFC.A	5,71	5,98	22,22
4YG0.A	2L9Y.A	7,87	1,85	12,96
1KIU.L	3IYK.K	4,75	8,96	19,40
1GV9.A	4MBZ.F	4,94	5,56	11,90
1J8R.A	4L92.A	5,61	4,95	8,91
3WUD.A	2ARZ.A	6,24	7,58	19,70
5T5P.A	4MBZ.F	5,30	4,11	10,96
1J8R.A	2L9Y.A	7,19	1,64	8,20
1UXA.A	2XBO.1	6,19	8,51	18,09
2WT2.A	1O9V.A	6,37	8,99	22,47
4Q56.A	2RKC.A	6,80	5,41	16,22
1J8R.A	5ZHG.A	6,89	8,54	21,95
5V6K.A	4B4P.A	6,57	8,33	19,44
2RKC.A	5ZHG.A	7,49	1,19	13,10
5OFZ.D	3IYK.K	7,67	6,17	11,11
1O9V.A	3ZZV.C	7,94	2,67	14,67
2ARZ.A	2WN3.C	5,63	11,27	26,76
2JZJ.A	2RKC.A	4,49	7,23	18,07
1EO8.A	2JZJ.A	7,11	7,81	23,44
5T5P.A	4B4P.A	5,19	7,53	16,13
4GWJ.A	4F8L.A	4,78	6,74	20,22
1IIY.A	4H14.A	4,77	3,39	11,86
2JZJ.A	3WMP.D	4,69	5,66	24,53
2L9Y.A	2WQ4.B	5,87	6,25	12,50
2JZJ.A	2W9L.Q	4,98	8,77	21,05
1IIY.A	4MBZ.F	7,55	10,00	26,67
1IIY.A	2ARZ.A	5,37	7,27	18,18
1J8R.A	5OFZ.D	5,14	8,33	9,72
4GWJ.A	4MBZ.F	5,12	3,16	14,74
2L2F.A	4H14.A	5,07	6,45	20,97
1OD7.A	3A5P.C	5,81	2,86	12,86
2WN3.C	4B4P.A	4,95	8,51	14,89
4CSD.B	4TQM.A	4,69	8,46	16,42
2ZG3.A	2ARZ.A	7,05	10,14	24,64
3CQO.B	1UXA.A	5,23	3,23	16,13
5E6T.B	4TQM.A	8,42	6,82	18,18
5E6T.B	4F8L.A	5,50	4,76	14,29
2HB0.A	2JWP.A	4,87	9,41	22,35
3CQO.B	1O9V.A	4,70	5,38	18,28
3WUD.A	3A5P.C	4,79	6,98	20,93
3WG4.A	3QC5.X	5,22	10,39	23,38
2WRA.A	2ZG3.A	5,37	7,59	18,99
5V6K.A	4AGG.A	7,29	10,53	21,05
2A6V.A	2XBO.1	6,81	4,85	17,48
4AFC.A	5IK4.A	5,68	5,49	21,98
2WT2.A	5ZHG.A	5,11	6,61	17,36
2RKC.A	3QC5.X	8,94	3,26	9,78
2JZJ.A	3ZZV.C	3,62	9,26	14,81
1UXA.A	4L92.A	5,61	8,05	20,69
5T5P.A	2W9L.Q	5,69	6,10	17,07
5V6K.A	2L9Y.A	5,38	2,90	15,94
2L9Y.A	5IK4.A	5,70	11,27	15,49
2JZJ.A	4GWJ.A	7,25	5,17	17,24
2L9Y.A	3A5P.C	4,41	12,77	21,28
3WG4.A	4TQM.A	5,59	3,19	14,89
2RKC.A	4L92.A	6,69	5,15	15,46
3WG4.A	2JWP.A	3,93	4,04	22,22
1OSY.B	5NNW.C	5,20	8,20	19,67
1EO8.A	4MBZ.F	6,23	6,25	17,19
4MBZ.F	3QC5.X	5,43	7,14	21,43
5OFZ.D	4CSD.B	7,46	8,57	14,29
1OD7.A	4Q56.A	4,68	5,13	11,54
2HB0.A	2WN3.C	7,15	5,47	19,53
4MBZ.F	5ZHG.A	7,19	7,41	14,81
2WRA.A	2WQ4.B	3,76	10,59	20,00
2A6V.A	2WN3.C	5,97	5,17	19,83
1EO8.A	3QC5.X	6,60	10,00	26,67
3WUD.A	6A56.A	5,31	5,15	21,65
3WUD.A	4YG0.A	4,80	5,88	18,63
2WT2.A	2L2F.A	5,61	6,45	19,35
2WN3.C	5NNW.C	7,87	3,85	19,23
4YG0.A	4AGG.A	4,75	5,36	17,86
5T5P.A	1OSY.B	5,53	3,08	18,46
4GWJ.A	5ZHG.A	5,29	10,67	29,33
2ZG3.A	5IK4.A	4,96	12,00	28,00
1IIY.A	4F8L.A	6,85	6,10	10,98
4AGG.A	4H14.A	5,98	4,00	14,40
1B09.A	1IIY.A	5,69	1,85	11,11
4YG0.A	4MBZ.F	6,49	8,45	12,68
4L92.A	4WE2.A	6,02	6,25	20,54
4B4P.A	4H14.A	6,83	2,04	11,22
1OSY.B	6A56.A	4,92	4,35	13,04
2JZJ.A	2HB0.A	6,76	6,85	19,18
2L9Y.A	5NWP.B	7,84	4,55	10,23
4YG0.A	3IYK.K	1,51	1,54	14,62
1IIY.A	2JWP.A	8,94	13,04	23,19
5E6T.B	5OFZ.D	5,76	2,63	14,47
2L9Y.A	3ZZV.C	3,92	5,13	12,82
3A5P.C	5MB4.A	5,80	10,00	23,75
5E6T.B	2WN3.C	5,47	7,41	12,35
2WRA.A	4B4P.A	4,35	1,64	11,48
2ARZ.A	4F8L.A	5,16	6,10	24,39
1FLC.A	2WRA.A	3,99	7,25	21,74
1IIY.A	4GWJ.A	7,79	8,62	37,93
1IIY.A	1OD7.A	5,51	7,35	16,18
1ZHQ.H	5NWP.B	6,59	4,26	19,15
1EO8.A	1Y2X.B	5,02	13,04	23,19
1B09.A	3CQO.B	4,38	6,93	21,78
2ZG3.A	1ZHQ.H	8,70	3,39	13,56
1IIY.A	5V6K.A	7,15	4,62	13,85
4F8L.A	4WE2.A	4,82	6,35	14,29
1ZHQ.H	4TQM.A	8,96	1,37	10,96
2XBO.1	4B4P.A	4,87	6,38	14,89
3WMP.D	6A56.A	4,86	7,25	20,29
2RKC.A	4CSD.B	4,40	6,10	15,24
3WG4.A	3IYK.K	3,99	3,92	18,63
2WT2.A	4CSD.B	5,48	6,25	11,46
3WUD.A	5E6T.B	7,34	6,56	18,03
3IYK.K	3ZZV.C	3,60	8,33	19,44
2JWP.A	3A5P.C	8,92	4,41	17,65
3WUD.A	1ZHQ.H	8,93	4,92	13,11
3CQO.B	2RKC.A	8,24	3,33	14,44
2L9Y.A	3IYK.K	5,02	8,51	19,15
1KIU.L	4H14.A	6,96	7,00	21,00
4GWJ.A	1OSY.B	4,72	4,11	20,55
4WE2.A	4TQM.A	6,87	4,88	13,41
3IYK.K	4TQM.A	5,04	5,19	14,29
1O9V.A	2HB0.A	4,36	8,28	18,62
1KIU.L	2WQ4.B	5,03	8,16	20,41
1UXA.A	4TQM.A	6,01	8,57	15,71
2ARZ.A	2JWP.A	7,15	5,48	20,55
2A6V.A	3IYK.K	4,27	4,90	21,57
4GWJ.A	3QC5.X	5,93	4,35	18,48
1B09.A	4F8L.A	6,86	8,00	23,00
2WRA.A	5OFZ.D	4,13	6,49	19,48
2W9L.Q	5NWP.B	5,72	7,69	16,35
1ZHQ.H	4F8L.A	6,34	6,00	20,00
1J8R.A	2ARZ.A	5,33	7,58	15,15
1IIY.A	4WE2.A	6,79	6,56	14,75
5OFZ.D	1OSY.B	6,61	0,00	10,81
4F8L.A	4CSD.B	6,52	6,15	13,85
5T5P.A	5MB4.A	5,39	9,90	26,73
5V6K.A	4H14.A	5,42	7,95	20,45
4Q56.A	4L92.A	4,81	6,94	16,67
2JZJ.A	4YG0.A	6,26	2,90	21,74
3WMP.D	4TQM.A	5,60	6,45	14,52
2L2F.A	1KIU.L	6,99	8,06	19,35
4Q56.A	3IYK.K	7,37	6,45	27,42
2WT2.A	5V6K.A	11,07	5,13	26,92
2HB0.A	3A5P.C	8,50	4,17	22,22
2L2F.A	3WMP.D	4,66	6,52	17,39
1GV9.A	4CSD.B	4,97	8,03	18,25
3A5P.C	4WE2.A	7,14	6,35	12,70
2W9L.Q	4AFC.A	7,84	2,86	21,43
2WQ4.B	4B4P.A	5,67	6,67	17,78
4B4P.A	5MB4.A	5,13	3,28	11,48
1J8R.A	4B4P.A	5,31	9,18	19,39
3CQO.B	1OD7.A	4,72	2,41	14,46
1OSY.B	3A5P.C	5,66	11,11	18,52
2ARZ.A	5NNW.C	6,22	3,90	11,69
2ARZ.A	4Q56.A	7,15	1,56	14,06
2WT2.A	5E6T.B	4,86	4,69	10,94
2ZG3.A	4MBZ.F	6,66	6,02	14,46
1J8R.A	1ZHQ.H	5,13	1,92	13,46
3CQO.B	4MBZ.F	4,62	2,90	14,49
2JWP.A	6A56.A	5,47	3,48	14,78
1KIU.L	2L9Y.A	6,96	6,67	18,33
4AFC.A	6A56.A	5,57	9,68	26,88
2WT2.A	5MB4.A	6,43	7,69	21,37
4MBZ.F	4CSD.B	6,35	5,26	12,28
2JZJ.A	5OFZ.D	5,57	7,81	18,75
1OD7.A	3ZZV.C	5,06	5,36	14,29
4MBZ.F	2WQ4.B	5,02	6,25	12,50
3CQO.B	5ZHG.A	5,86	4,17	18,06
2RKC.A	5NNW.C	6,22	2,35	21,18
1O9V.A	2WN3.C	4,95	5,43	15,22
5V6K.A	4AFC.A	9,65	5,88	21,18
1UXA.A	3IYK.K	6,73	5,80	8,70
5IK4.A	5ZHG.A	4,48	5,61	21,50
1UXA.A	6A56.A	6,19	6,19	22,12
1OD7.A	3QC5.X	3,67	5,88	17,65
3WUD.A	1OD7.A	5,27	7,23	14,46
2L2F.A	2JZJ.A	1,76	29,41	50,00
1GV9.A	2XBO.1	4,78	6,40	12,00
5T5P.A	3WMP.D	5,13	9,30	17,44
1B09.A	2WQ4.B	5,42	5,94	19,80
1O9V.A	2WQ4.B	6,13	9,52	18,10
5E6T.B	2RKC.A	7,40	1,33	13,33
1O9V.A	4Q56.A	5,42	9,52	16,67
1OSY.B	5MB4.A	6,48	8,45	21,13
1ZHQ.H	2JWP.A	8,72	7,58	22,73
2WQ4.B	3WMP.D	3,70	8,24	23,53
1OSY.B	4AFC.A	6,12	6,35	12,70
5E6T.B	1O9V.A	5,89	4,94	16,05
4YG0.A	2XBO.1	7,17	4,44	20,00
3WUD.A	5T5P.A	3,65	7,81	20,31
2ARZ.A	4CSD.B	6,32	4,65	12,79
5T5P.A	1O9V.A	6,12	6,73	14,42
4Q56.A	4TQM.A	5,76	4,92	16,39
3QC5.X	4L92.A	5,76	10,87	18,48
2ZG3.A	3IYK.K	7,07	2,67	18,67
2ZG3.A	4WE2.A	10,16	4,95	14,85
5OFZ.D	1ZHQ.H	6,65	6,78	16,95
1OD7.A	6A56.A	6,14	4,12	15,46
4GWJ.A	3WMP.D	4,21	2,74	17,81
2WQ4.B	4F8L.A	4,76	6,73	16,35
5V6K.A	2W9L.Q	5,28	9,09	20,00
1Y2X.B	2XBO.1	6,88	8,33	18,06
1GV9.A	4H14.A	5,24	8,33	25,00
4MBZ.F	1Y2X.B	10,71	5,71	18,57
2WN3.C	5MB4.A	7,04	11,11	17,46
3CQO.B	4H14.A	5,86	9,38	15,63
4GWJ.A	2JWP.A	4,65	11,02	27,97
3WG4.A	2WQ4.B	4,75	5,26	20,00
4H14.A	4L92.A	4,75	7,45	19,15
2WRA.A	3WG4.A	4,64	7,23	20,48
1EO8.A	2A6V.A	4,71	6,96	16,52
3CQO.B	5V6K.A	9,96	3,57	13,10
3IYK.K	5IK4.A	4,45	7,14	18,37
4YG0.A	4Q56.A	8,17	10,77	26,15
1ZHQ.H	4Q56.A	6,54	0,00	10,00
1B09.A	3A5P.C	4,28	14,29	25,71
5T5P.A	4WE2.A	5,71	5,15	16,49
3WG4.A	4F8L.A	5,70	10,00	24,44
3WG4.A	6A56.A	5,35	4,95	14,85
2A6V.A	2WQ4.B	4,43	11,43	24,76
1J8R.A	2RKC.A	8,78	7,22	18,56
1UXA.A	5IK4.A	6,10	4,88	19,51
1KIU.L	1ZHQ.H	7,26	7,81	20,31
1OD7.A	1ZHQ.H	6,92	1,89	15,09
2ARZ.A	4AFC.A	6,07	8,43	18,07
5OFZ.D	5V6K.A	8,81	10,00	17,14
5NWP.B	4CSD.B	6,01	5,95	14,29
1OSY.B	1Y2X.B	4,99	12,66	21,52
1O9V.A	2JWP.A	5,11	3,26	21,74
2L2F.A	2W9L.Q	7,74	14,29	27,14
1B09.A	5ZHG.A	5,07	5,41	18,02
2ARZ.A	4L92.A	5,42	6,45	17,74
1J8R.A	1KIU.L	5,15	4,69	12,50
2WT2.A	4AGG.A	2,37	21,09	39,84
4GWJ.A	5NNW.C	9,29	8,00	14,00
4GWJ.A	4B4P.A	7,13	5,00	13,75
4GWJ.A	4TQM.A	8,07	5,33	17,33
4B4P.A	5NWP.B	4,62	6,72	18,49
2WT2.A	2JZJ.A	6,51	6,25	15,63
1Y2X.B	5V6K.A	9,35	8,97	32,05
4GWJ.A	1Y2X.B	5,73	5,68	19,32
4GWJ.A	4H14.A	4,44	13,58	20,99
2WRA.A	5MB4.A	5,47	3,23	12,90
1GV9.A	3CQO.B	5,15	7,03	14,84
2WN3.C	5NWP.B	4,32	3,53	11,76
5T5P.A	3WG4.A	4,13	13,14	29,93
3A5P.C	4F8L.A	8,63	4,62	13,85
2WQ4.B	5ZHG.A	6,84	6,33	15,19
4MBZ.F	4WE2.A	5,15	5,56	17,46
1OD7.A	2ARZ.A	4,88	5,71	17,14
4B4P.A	4L92.A	5,26	3,81	15,24
2JZJ.A	4H14.A	6,70	9,33	25,33
5T5P.A	5E6T.B	6,68	6,35	15,87
1OSY.B	1ZHQ.H	6,04	3,92	11,76
2ZG3.A	2A6V.A	5,32	6,93	19,80
5OFZ.D	3QC5.X	5,08	8,89	24,44
4Q56.A	2XBO.1	4,59	7,69	21,54
2JZJ.A	2WN3.C	6,48	7,81	17,19
5IK4.A	6A56.A	4,85	7,22	19,59
4YG0.A	1O9V.A	6,81	2,67	22,67
2L2F.A	4MBZ.F	7,33	2,74	8,22
2WT2.A	3WG4.A	3,18	20,45	38,64
1UXA.A	4AFC.A	5,36	9,23	21,54
2A6V.A	2L9Y.A	9,15	9,09	10,91
2ZG3.A	4L92.A	5,92	2,27	11,36
1B09.A	5V6K.A	6,17	10,45	19,40
4CSD.B	5MB4.A	3,99	4,32	12,97
1B09.A	4YG0.A	5,45	4,42	18,58
1EO8.A	2JWP.A	5,55	6,45	16,13
1OSY.B	2ARZ.A	4,07	8,20	26,23
1GV9.A	5E6T.B	6,00	7,69	21,79
1Y2X.B	4AFC.A	7,18	6,56	14,75
1KIU.L	5ZHG.A	6,58	4,65	30,23
2WN3.C	3WMP.D	2,47	18,18	35,23
2ZG3.A	5NNW.C	6,58	8,33	20,24
1OSY.B	2XBO.1	5,45	6,56	19,67
2JZJ.A	1KIU.L	6,86	4,48	23,88
2WRA.A	1J8R.A	4,85	1,41	11,27
3A5P.C	4B4P.A	7,65	2,90	13,04
4AFC.A	4H14.A	5,97	7,06	17,65
2WN3.C	2W9L.Q	5,71	8,79	24,18
2ARZ.A	4B4P.A	5,72	7,94	17,46
3CQO.B	1KIU.L	5,35	8,33	23,15
1OSY.B	2L9Y.A	6,82	4,00	10,00
1O9V.A	5NNW.C	7,21	2,38	20,24
1J8R.A	4AGG.A	6,01	7,32	20,73
5E6T.B	3ZZV.C	5,28	6,25	14,58
5T5P.A	2WN3.C	5,33	5,88	18,49
1Y2X.B	4Q56.A	7,07	6,35	25,40
2HB0.A	4F8L.A	3,95	8,13	20,33
1GV9.A	4AFC.A	5,94	2,65	7,96
4L92.A	3ZZV.C	5,46	0,00	12,07
2ARZ.A	2W9L.Q	6,42	5,56	16,67
1FLC.A	2ZG3.A	5,74	8,87	24,19
2W9L.Q	3QC5.X	7,34	4,55	15,91
2HB0.A	2WQ4.B	4,74	9,38	18,75
2L9Y.A	4WE2.A	7,22	7,61	11,96
2ZG3.A	3A5P.C	7,09	2,67	9,33
1O9V.A	2XBO.1	5,19	5,61	21,50
1O9V.A	1ZHQ.H	8,00	1,92	9,62
2L2F.A	3ZZV.C	4,23	1,61	12,90
3CQO.B	2L9Y.A	6,10	5,17	18,97
1KIU.L	5IK4.A	5,34	6,82	20,45
1B09.A	1OD7.A	5,83	8,51	19,15
1EO8.A	5NNW.C	7,38	7,41	18,52
1EO8.A	4Q56.A	5,38	4,23	22,54
1GV9.A	2WRA.A	6,60	2,47	6,17
1O9V.A	2W9L.Q	5,76	7,14	18,37
1FLC.A	4YG0.A	5,69	2,38	16,67
5T5P.A	2JZJ.A	4,89	3,33	23,33
5T5P.A	2RKC.A	5,82	6,93	23,76
2ZG3.A	1O9V.A	4,15	2,04	12,24
1ZHQ.H	4CSD.B	7,95	6,76	17,57
1GV9.A	2WN3.C	6,34	7,38	16,39
1GV9.A	2W9L.Q	5,20	7,06	21,18
1FLC.A	3CQO.B	5,13	6,84	14,53
1OD7.A	5NWP.B	5,57	6,25	21,25
4Q56.A	2WN3.C	2,61	22,83	42,39
1B09.A	4AGG.A	4,14	7,26	18,55
2JZJ.A	5IK4.A	7,72	7,04	16,90
2ZG3.A	2HB0.A	6,26	7,27	17,27
3CQO.B	1Y2X.B	5,93	10,98	26,83
1OD7.A	2L9Y.A	8,17	10,17	18,64
1B09.A	2ZG3.A	5,55	1,49	16,42
4GWJ.A	2L9Y.A	7,40	3,57	5,36
4YG0.A	4B4P.A	10,69	8,86	18,99
2ARZ.A	2L9Y.A	6,73	6,56	13,11
4TQM.A	5MB4.A	0,73	59,50	72,50
5T5P.A	1B09.A	4,06	5,41	19,59
1GV9.A	5NNW.C	5,96	3,88	10,68
1OSY.B	3WG4.A	5,92	9,88	23,46
4L92.A	5ZHG.A	10,88	2,60	18,18
1KIU.L	4CSD.B	5,40	6,56	19,67
1FLC.A	2A6V.A	4,51	9,92	22,31
4YG0.A	2ARZ.A	6,22	4,76	23,81
2ARZ.A	4H14.A	6,98	2,86	16,19
3WUD.A	4TQM.A	6,49	4,30	20,43
1B09.A	5NNW.C	6,41	6,45	18,55
2WT2.A	4GWJ.A	4,69	13,04	20,65
5OFZ.D	2L9Y.A	8,00	8,93	16,07
2WT2.A	2HB0.A	6,20	7,27	14,55
4AGG.A	4B4P.A	6,16	6,17	12,35
2L9Y.A	5ZHG.A	5,18	5,36	21,43
4MBZ.F	3A5P.C	7,07	5,36	14,29
1O9V.A	1UXA.A	5,78	8,06	19,35
2WQ4.B	4TQM.A	6,61	7,94	15,87
5V6K.A	1ZHQ.H	7,43	6,78	13,56
5T5P.A	4CSD.B	5,64	3,20	12,00
5OFZ.D	2A6V.A	6,33	8,06	16,13
1J8R.A	4H14.A	6,70	3,85	15,38
1FLC.A	1OD7.A	5,24	11,43	21,43
2HB0.A	4TQM.A	7,38	9,21	19,74
2ZG3.A	2L9Y.A	7,49	0,00	8,70
1OSY.B	3WMP.D	5,99	4,62	26,15
1FLC.A	2WN3.C	5,24	4,90	15,69
1EO8.A	4CSD.B	8,01	5,71	20,00
3CQO.B	5OFZ.D	4,18	8,05	20,69
2ZG3.A	3QC5.X	5,97	4,92	13,93
3A5P.C	6A56.A	6,55	5,36	19,64
2W9L.Q	4WE2.A	6,02	10,26	23,08
2WT2.A	3WMP.D	4,45	5,63	11,27
2L2F.A	1OD7.A	5,73	10,61	24,24
2JZJ.A	2WQ4.B	6,64	5,56	13,89
3CQO.B	2ARZ.A	5,85	7,04	18,31
1B09.A	3QC5.X	5,54	7,59	18,99
3WUD.A	2ZG3.A	5,16	7,23	18,07
1OSY.B	2JWP.A	3,78	16,39	36,07
2WT2.A	1J8R.A	6,05	7,37	18,95
1IIY.A	4CSD.B	4,46	1,64	9,84
2HB0.A	2W9L.Q	5,66	7,08	21,24
4H14.A	4WE2.A	7,09	7,00	16,00
1EO8.A	1O9V.A	6,17	3,41	14,77
1UXA.A	1Y2X.B	5,96	6,45	17,74
1OD7.A	4AGG.A	5,44	6,02	22,89
2XBO.1	4TQM.A	7,08	5,48	16,44
5IK4.A	5MB4.A	5,57	7,59	25,32
1OD7.A	1UXA.A	5,81	8,64	16,05
2JWP.A	2WQ4.B	4,04	2,75	22,94
2HB0.A	5IK4.A	6,29	2,11	20,00
1IIY.A	4L92.A	5,50	5,00	16,67
4YG0.A	1OSY.B	7,60	8,20	19,67
3QC5.X	4TQM.A	7,55	2,90	7,25
4AGG.A	5ZHG.A	5,86	9,26	26,85
2HB0.A	2RKC.A	7,06	10,34	24,14
1O9V.A	4B4P.A	4,13	5,88	20,59
2JWP.A	4TQM.A	6,90	6,33	15,19
3WG4.A	3A5P.C	4,40	11,90	22,62
2L9Y.A	4TQM.A	5,79	8,70	24,64
2A6V.A	5ZHG.A	5,19	8,40	15,97
1FLC.A	2ARZ.A	6,01	4,92	22,95
5T5P.A	4AGG.A	3,34	8,82	23,53
2JZJ.A	3CQO.B	6,27	0,00	14,81
1OSY.B	2WQ4.B	5,73	3,13	12,50
2JWP.A	4B4P.A	4,24	3,66	15,85
1EO8.A	5E6T.B	5,82	4,69	12,50
4YG0.A	4CSD.B	6,55	7,06	20,00
1KIU.L	4MBZ.F	5,00	7,62	18,10
5E6T.B	6A56.A	5,23	14,08	18,31
1EO8.A	4L92.A	5,07	7,55	25,47
1O9V.A	4CSD.B	7,32	4,23	12,68
3QC5.X	3ZZV.C	9,29	8,33	19,44
2ZG3.A	5MB4.A	8,64	2,15	13,98
3CQO.B	4GWJ.A	1,86	31,34	50,00
1IIY.A	2HB0.A	5,32	7,35	16,18
4L92.A	5IK4.A	4,45	6,06	15,15
3WUD.A	5V6K.A	8,10	1,18	11,76
2WRA.A	4CSD.B	5,92	7,69	26,15
2WT2.A	2ZG3.A	4,80	6,25	20,00
1EO8.A	1IIY.A	6,40	1,75	8,77
2ARZ.A	6A56.A	4,84	7,04	22,54
5OFZ.D	4L92.A	4,28	5,00	17,00
2WN3.C	2WQ4.B	3,42	4,44	15,56
4AGG.A	4CSD.B	5,57	6,59	16,48
1OD7.A	4MBZ.F	9,14	4,84	17,74
3CQO.B	4B4P.A	5,88	12,50	19,44
2WRA.A	2A6V.A	6,88	7,06	15,29
2XBO.1	5IK4.A	5,25	9,88	23,46
5NNW.C	3ZZV.C	6,14	7,25	14,49
2L2F.A	2WN3.C	9,42	3,28	21,31
1OD7.A	2XBO.1	5,00	7,50	18,75
1Y2X.B	4WE2.A	6,21	7,94	17,46
2A6V.A	5IK4.A	4,23	8,82	20,59
3WUD.A	5IK4.A	4,18	5,79	19,83
1KIU.L	2RKC.A	7,40	10,98	26,83
5V6K.A	2HB0.A	4,98	1,45	10,14
1FLC.A	5IK4.A	4,57	6,00	17,00
4AFC.A	3WMP.D	6,36	4,84	19,35
1J8R.A	4GWJ.A	4,75	8,42	17,89
3WG4.A	2L9Y.A	7,53	0,00	12,90
1FLC.A	4GWJ.A	5,11	8,41	17,76
3WG4.A	2RKC.A	6,86	3,57	16,67
3WUD.A	1FLC.A	4,36	5,95	17,86
5V6K.A	5ZHG.A	7,58	5,43	19,57
2RKC.A	6A56.A	8,78	5,75	16,09
4GWJ.A	3IYK.K	8,79	7,14	18,57
1B09.A	4GWJ.A	4,79	9,28	29,90
1Y2X.B	4CSD.B	5,30	3,37	11,24
2ARZ.A	5IK4.A	9,29	4,94	11,11
2JZJ.A	4F8L.A	7,61	3,13	15,63
3QC5.X	4B4P.A	4,03	10,68	25,24
4MBZ.F	3IYK.K	6,67	1,47	14,71
2ZG3.A	1UXA.A	5,84	5,00	16,25
3QC5.X	4H14.A	5,31	8,89	17,78
4Q56.A	6A56.A	4,80	6,94	18,06
3QC5.X	5ZHG.A	8,44	1,30	23,38
1IIY.A	5ZHG.A	5,94	9,86	23,94
1O9V.A	2ARZ.A	5,90	4,62	12,31
1Y2X.B	4F8L.A	4,70	5,26	9,21
1UXA.A	5V6K.A	6,42	6,15	23,08
4B4P.A	5ZHG.A	6,20	9,59	19,18
1FLC.A	1ZHQ.H	6,19	11,11	25,93
5T5P.A	2XBO.1	6,49	10,43	22,61
4AFC.A	4CSD.B	8,36	6,82	19,32
2A6V.A	4CSD.B	6,31	7,06	20,00
3CQO.B	3IYK.K	8,14	3,95	19,74
1KIU.L	1Y2X.B	3,46	10,96	28,77
2RKC.A	2WQ4.B	5,86	2,35	17,65
1OSY.B	2HB0.A	6,12	8,22	20,55
1B09.A	2RKC.A	4,24	5,13	15,38
2L2F.A	4F8L.A	8,31	7,25	18,84
2L9Y.A	2W9L.Q	8,02	4,55	10,61
4MBZ.F	4H14.A	7,31	5,94	19,80
1UXA.A	4AGG.A	5,52	7,95	15,91
1EO8.A	4B4P.A	5,47	10,99	26,37
5V6K.A	4Q56.A	9,23	6,49	23,38
2XBO.1	4AFC.A	4,35	5,43	18,48
5OFZ.D	4H14.A	5,60	13,04	25,00
2ZG3.A	5ZHG.A	7,04	6,56	14,75
1ZHQ.H	2L9Y.A	6,05	7,46	23,88
1GV9.A	1KIU.L	5,24	6,19	17,53
1IIY.A	2A6V.A	6,32	6,56	16,39
4GWJ.A	3A5P.C	9,14	7,81	15,63
3WUD.A	3ZZV.C	3,43	10,00	20,00
2ZG3.A	4TQM.A	8,45	3,19	17,02
1EO8.A	2W9L.Q	6,25	9,78	21,74
1B09.A	2L9Y.A	5,51	2,08	6,25
4GWJ.A	2A6V.A	4,79	3,92	9,80
2WT2.A	4F8L.A	5,29	9,76	19,51
3WUD.A	4AGG.A	2,50	21,71	40,31
2ZG3.A	3WG4.A	5,95	11,96	19,57
3WG4.A	4WE2.A	6,30	7,77	19,42
2HB0.A	4B4P.A	4,57	1,82	12,73
1OSY.B	2W9L.Q	5,57	5,36	16,07
1IIY.A	2L9Y.A	5,00	30,00	49,00
1B09.A	1J8R.A	4,98	13,64	19,70
1UXA.A	2HB0.A	5,00	7,00	21,00
4WE2.A	5IK4.A	7,41	10,13	22,78
1FLC.A	2L2F.A	5,83	3,57	12,50
1EO8.A	3WG4.A	6,64	3,19	19,15
6A56.A	3ZZV.C	5,58	10,17	18,64
5T5P.A	4Q56.A	6,36	9,09	20,45
4Q56.A	5ZHG.A	6,35	5,26	19,30
5OFZ.D	5MB4.A	6,30	3,13	15,63
3IYK.K	4L92.A	5,69	3,85	12,82
1OSY.B	4L92.A	5,50	4,55	19,70
1GV9.A	2ZG3.A	5,53	7,07	13,13
2WN3.C	3QC5.X	7,77	5,52	13,81
3WG4.A	1ZHQ.H	6,94	0,00	7,55
5NWP.B	5ZHG.A	8,62	2,33	16,28
1J8R.A	1Y2X.B	7,00	7,41	17,28
2L2F.A	1ZHQ.H	5,59	6,52	19,57
1Y2X.B	5MB4.A	5,82	7,69	15,38
2W9L.Q	3WMP.D	5,24	10,23	25,00
2WRA.A	2HB0.A	8,15	4,55	18,18
1O9V.A	4AGG.A	5,30	8,24	24,71
1EO8.A	2L9Y.A	9,43	7,89	18,42
3WG4.A	4AGG.A	3,53	16,28	32,56
2WRA.A	3CQO.B	4,47	6,10	17,07
2L2F.A	1Y2X.B	7,51	10,67	26,67
1ZHQ.H	5ZHG.A	5,34	3,57	21,43
1EO8.A	2ZG3.A	6,06	2,90	13,04
4AGG.A	3ZZV.C	3,57	7,14	18,57
4Q56.A	5NNW.C	7,51	1,39	8,33
1O9V.A	4F8L.A	4,32	3,13	17,19
5V6K.A	3A5P.C	6,31	4,11	13,70
1EO8.A	4H14.A	5,95	3,61	19,28
1EO8.A	3CQO.B	5,48	8,26	19,27
2L2F.A	4YG0.A	5,74	4,29	10,00
4F8L.A	3ZZV.C	7,16	1,85	3,70
1FLC.A	4MBZ.F	6,74	7,69	16,67
4L92.A	5NNW.C	8,48	6,41	15,38
3WUD.A	4L92.A	4,72	6,41	19,23
1J8R.A	3IYK.K	6,50	10,45	17,91
1KIU.L	3QC5.X	7,45	8,43	24,70
2WT2.A	2A6V.A	4,08	8,33	21,53
4GWJ.A	2WQ4.B	4,17	6,25	23,96
1B09.A	2JZJ.A	8,20	4,11	12,33
5OFZ.D	1OD7.A	6,01	9,09	25,97
5E6T.B	1Y2X.B	7,07	5,10	19,39
4Q56.A	5IK4.A	5,31	5,33	20,00
4MBZ.F	2A6V.A	5,16	3,08	10,77
5V6K.A	5IK4.A	7,42	7,14	28,57
4Q56.A	4H14.A	6,53	8,06	25,81
2L9Y.A	4B4P.A	5,36	6,52	13,04
4MBZ.F	4B4P.A	4,59	3,03	16,67
2A6V.A	2RKC.A	4,99	7,59	24,05
4MBZ.F	3WMP.D	4,21	3,49	16,28
1KIU.L	2W9L.Q	5,37	6,45	20,43
2WT2.A	2WQ4.B	4,61	6,90	18,39
3CQO.B	5MB4.A	6,14	3,90	12,99
1ZHQ.H	4H14.A	8,58	5,56	16,67
1B09.A	5IK4.A	3,56	15,85	29,27
1IIY.A	3IYK.K	4,97	3,57	17,86
2WT2.A	3QC5.X	6,30	8,25	18,56
4GWJ.A	2ARZ.A	5,66	7,14	18,57
4B4P.A	4WE2.A	5,48	6,67	18,33
2L2F.A	5ZHG.A	5,87	9,23	23,08
4YG0.A	5NWP.B	9,50	10,81	14,86
2L9Y.A	4H14.A	8,47	5,48	8,22
5T5P.A	2ZG3.A	4,98	6,86	19,61
1UXA.A	4WE2.A	6,66	5,80	17,39
1Y2X.B	2W9L.Q	5,82	5,88	11,76
2WN3.C	5ZHG.A	12,07	2,82	15,49
4GWJ.A	1UXA.A	4,67	3,06	14,29
3QC5.X	5MB4.A	6,07	5,56	13,89
1FLC.A	3IYK.K	5,77	11,69	20,78
1FLC.A	4WE2.A	6,14	3,23	8,60
2XBO.1	4H14.A	6,16	4,50	13,51
2W9L.Q	4TQM.A	9,76	5,48	8,22
3WUD.A	2JWP.A	4,56	4,55	17,05
3WUD.A	3QC5.X	5,51	7,06	21,18
3A5P.C	3QC5.X	5,76	7,25	20,29
2WRA.A	5ZHG.A	7,35	6,10	21,95
1J8R.A	4MBZ.F	7,40	7,21	12,61
3CQO.B	2WN3.C	4,62	8,81	25,16
2WN3.C	3A5P.C	7,00	8,06	22,58
1Y2X.B	5NWP.B	5,18	4,94	16,05
3WUD.A	5NNW.C	7,60	3,61	19,28
5OFZ.D	5IK4.A	4,74	3,53	24,71
1EO8.A	6A56.A	6,63	3,16	14,74
1KIU.L	2ARZ.A	5,97	9,52	23,81
2W9L.Q	6A56.A	5,22	5,05	14,14
4WE2.A	3ZZV.C	6,66	7,27	16,36
1B09.A	2HB0.A	5,89	6,98	13,95
2L2F.A	2ARZ.A	7,78	4,76	19,05
4Q56.A	2W9L.Q	6,08	3,49	26,74
2WRA.A	3IYK.K	5,86	2,44	13,41
3WMP.D	4B4P.A	4,89	1,43	12,86
2WRA.A	2XBO.1	3,26	4,82	19,28
1OSY.B	4H14.A	4,31	2,99	16,42
2ARZ.A	2WQ4.B	6,67	8,06	20,97
4YG0.A	5OFZ.D	6,33	2,47	11,11
1O9V.A	3IYK.K	6,97	3,70	11,11
1B09.A	1FLC.A	4,80	7,48	21,50
1B09.A	4AFC.A	5,86	4,76	15,24
2JZJ.A	4WE2.A	8,93	8,00	22,67
5E6T.B	4L92.A	7,95	3,66	14,63
3WUD.A	2WT2.A	2,58	25,20	48,82
4Q56.A	2JWP.A	4,57	5,63	21,13
1FLC.A	1GV9.A	4,24	5,74	19,67
1EO8.A	5IK4.A	5,84	7,61	14,13
1Y2X.B	5IK4.A	6,50	5,56	16,67
2L2F.A	4TQM.A	4,10	9,59	23,29
4MBZ.F	4AGG.A	5,32	7,81	17,19
3CQO.B	2HB0.A	6,00	6,29	18,87
2WRA.A	3QC5.X	6,16	2,08	14,58
1OSY.B	4CSD.B	5,96	5,71	11,43
2WRA.A	1UXA.A	5,58	6,10	18,29
1B09.A	1KIU.L	5,66	8,24	18,82
2ZG3.A	4F8L.A	4,44	8,91	22,77
4YG0.A	2WN3.C	6,64	8,70	26,09
5E6T.B	1ZHQ.H	6,19	7,69	15,38
1IIY.A	4B4P.A	6,25	1,61	12,90
4H14.A	6A56.A	6,22	5,97	25,37
1GV9.A	4F8L.A	5,31	4,55	18,18
5T5P.A	3QC5.X	6,10	3,09	11,34
1B09.A	2XBO.1	5,60	7,00	17,00
2RKC.A	5MB4.A	4,61	6,54	16,82
3CQO.B	6A56.A	4,14	7,55	16,98
1GV9.A	4WE2.A	5,81	6,36	16,36
5E6T.B	1UXA.A	5,48	9,41	16,47
5NWP.B	5MB4.A	6,28	7,23	14,46
2WN3.C	4WE2.A	6,14	3,00	16,00
1GV9.A	2L2F.A	5,83	7,25	20,29
4Q56.A	4CSD.B	7,70	3,08	16,92
1B09.A	4WE2.A	5,11	13,56	23,73
3IYK.K	5NWP.B	5,89	8,11	16,22
2WT2.A	2WRA.A	6,39	11,11	22,22
2WT2.A	4L92.A	4,71	15,66	24,10
4WE2.A	6A56.A	6,23	4,72	12,26
1IIY.A	1O9V.A	6,09	5,08	22,03
4F8L.A	4H14.A	7,26	4,44	11,11
2ARZ.A	4TQM.A	9,47	7,04	16,90
1OD7.A	4H14.A	4,97	5,81	20,93
2JWP.A	4H14.A	4,83	6,73	19,23
1FLC.A	5E6T.B	8,18	7,29	18,75
4GWJ.A	4AGG.A	3,63	8,24	25,88
2A6V.A	3QC5.X	5,99	7,69	23,08
1OSY.B	4TQM.A	5,30	11,11	20,63
1FLC.A	4L92.A	5,48	2,11	18,95
1IIY.A	2W9L.Q	5,21	8,33	20,00
1J8R.A	3A5P.C	6,77	5,97	19,40
3WUD.A	2HB0.A	6,32	6,00	24,00
1Y2X.B	3ZZV.C	7,86	2,47	12,35
1KIU.L	4B4P.A	6,30	4,72	18,87
3CQO.B	5NNW.C	6,64	3,53	11,76
2WT2.A	3A5P.C	5,49	11,76	20,00
2WT2.A	1IIY.A	7,50	4,92	16,39
5E6T.B	5ZHG.A	6,64	8,96	25,37
3WUD.A	4B4P.A	5,80	11,63	25,58
3WG4.A	5NNW.C	6,75	3,85	20,51
2WRA.A	5NNW.C	6,09	4,71	15,29
1GV9.A	6A56.A	5,30	2,61	11,30
2L2F.A	4GWJ.A	8,41	11,11	25,00
5T5P.A	2L2F.A	5,19	3,39	10,17
1FLC.A	5NNW.C	8,39	3,19	15,96
3WG4.A	1Y2X.B	5,70	6,58	17,11
1GV9.A	1OD7.A	5,23	9,71	22,33
4YG0.A	4AFC.A	4,90	5,48	17,81
5E6T.B	4Q56.A	4,19	3,33	21,67
2A6V.A	2W9L.Q	5,50	3,33	14,44
4Q56.A	3WMP.D	2,94	27,59	45,98
4MBZ.F	2HB0.A	5,27	6,25	14,06
4L92.A	5NWP.B	5,57	7,61	22,83
5E6T.B	5NWP.B	7,48	6,82	10,23
3IYK.K	4F8L.A	7,13	6,76	13,51
1B09.A	4L92.A	5,41	3,88	23,30
1GV9.A	5MB4.A	5,02	7,20	16,80
5OFZ.D	2W9L.Q	6,61	8,24	21,18
5NNW.C	5ZHG.A	5,14	5,13	16,67
4AFC.A	3ZZV.C	7,67	5,71	18,57
1FLC.A	3A5P.C	5,82	6,90	20,69
3WUD.A	5ZHG.A	4,66	9,82	22,32
2XBO.1	4F8L.A	5,76	3,30	12,09
5E6T.B	4GWJ.A	5,65	2,90	23,19
4H14.A	4CSD.B	4,85	13,92	24,05
1EO8.A	4AGG.A	6,10	5,49	17,58
2ZG3.A	5V6K.A	7,12	2,86	12,86
4F8L.A	5NWP.B	4,82	8,82	21,32
5E6T.B	4MBZ.F	9,51	1,59	4,76
2JWP.A	2W9L.Q	5,65	7,06	21,18
1FLC.A	1O9V.A	5,11	5,56	15,74
2L2F.A	2RKC.A	4,38	7,32	19,51
1KIU.L	4Q56.A	5,54	4,49	13,48
2JWP.A	3ZZV.C	5,51	3,70	16,67
3A5P.C	5IK4.A	4,86	4,94	14,81
3WUD.A	1EO8.A	5,71	9,09	19,48
5T5P.A	1ZHQ.H	8,34	8,77	22,81
3WUD.A	2WQ4.B	5,49	4,88	19,51
2WT2.A	5NWP.B	5,90	2,53	12,66
1IIY.A	6A56.A	6,93	4,92	18,03
2HB0.A	4AFC.A	5,16	4,00	11,00
1FLC.A	2HB0.A	5,68	6,03	17,24
4AFC.A	4B4P.A	4,45	1,05	10,53
2A6V.A	2ARZ.A	7,14	8,11	21,62
2JZJ.A	4L92.A	8,92	5,41	13,51
2WT2.A	5IK4.A	4,23	11,11	32,54
2ARZ.A	5ZHG.A	6,31	9,59	23,29
1IIY.A	4Q56.A	8,60	12,28	22,81
5V6K.A	3IYK.K	6,35	3,37	13,48
3WG4.A	5MB4.A	5,54	5,26	20,00
3WG4.A	4H14.A	4,07	9,30	26,36
2WRA.A	6A56.A	5,69	2,25	11,24
1J8R.A	5NNW.C	8,89	6,67	19,05
1O9V.A	1OSY.B	5,43	2,53	15,19
1KIU.L	2HB0.A	7,03	5,43	19,00
1ZHQ.H	2ARZ.A	6,94	3,57	12,50
4AGG.A	5MB4.A	6,37	8,33	23,96
1EO8.A	1GV9.A	4,67	3,57	13,39
2HB0.A	5NNW.C	6,31	5,68	15,91
5T5P.A	4H14.A	5,19	11,59	23,19
2JZJ.A	1UXA.A	6,55	4,76	14,29
5T5P.A	5NNW.C	5,38	4,08	14,29
5IK4.A	4TQM.A	7,62	5,26	16,84
4AFC.A	5MB4.A	8,09	17,07	26,83
2JZJ.A	5ZHG.A	6,70	3,13	15,63
4MBZ.F	2ARZ.A	7,08	1,54	15,38
2L9Y.A	4AFC.A	5,63	3,64	9,09
2WT2.A	2ARZ.A	5,27	3,13	12,50
3QC5.X	4WE2.A	5,89	1,85	12,04
1EO8.A	3A5P.C	6,24	5,80	11,59
1OD7.A	4AFC.A	5,30	9,21	26,32
5ZHG.A	4TQM.A	5,94	6,74	20,22
1O9V.A	6A56.A	5,01	4,00	9,00
5T5P.A	1OD7.A	5,38	4,12	17,53
1Y2X.B	2JWP.A	7,21	10,81	20,27
5OFZ.D	3WG4.A	6,50	9,09	23,86
4WE2.A	5MB4.A	6,93	7,50	16,25
1FLC.A	3QC5.X	4,06	5,43	20,65
3WUD.A	1KIU.L	6,25	6,12	20,41
1OSY.B	4F8L.A	4,89	6,58	15,79
4AGG.A	4L92.A	5,52	7,69	17,58
2L2F.A	3A5P.C	5,34	4,00	13,33
5OFZ.D	5NWP.B	5,70	7,22	20,62
1GV9.A	4GWJ.A	5,66	7,27	16,36
1IIY.A	4TQM.A	3,89	7,35	23,53
5T5P.A	1KIU.L	5,54	9,91	13,51
2ARZ.A	5MB4.A	8,97	3,85	12,82
2WRA.A	5NWP.B	4,95	9,52	21,43
2JZJ.A	3WG4.A	6,16	8,33	20,83
1GV9.A	2WQ4.B	5,14	13,85	27,69
3CQO.B	4YG0.A	6,27	5,19	12,99
5E6T.B	2L9Y.A	8,86	1,18	10,59
1UXA.A	3ZZV.C	6,49	6,06	16,67
2WT2.A	3ZZV.C	4,26	10,61	15,15
2WT2.A	1Y2X.B	6,49	5,63	14,08
1OD7.A	2WN3.C	4,78	3,75	16,25
1OD7.A	2W9L.Q	6,13	4,76	10,71
1KIU.L	1UXA.A	5,07	5,88	22,55
2WT2.A	2L9Y.A	6,46	3,41	13,64
2WQ4.B	6A56.A	4,36	7,69	23,08
3CQO.B	4AFC.A	5,80	4,24	15,25
2JWP.A	5NWP.B	4,39	3,49	16,28
2A6V.A	4B4P.A	5,33	1,92	16,35
1OD7.A	4TQM.A	5,46	8,06	25,81
2WN3.C	4AGG.A	4,99	4,55	13,64
1O9V.A	5ZHG.A	5,57	4,29	17,14
2WT2.A	2XBO.1	10,93	5,80	15,94
1GV9.A	1J8R.A	4,78	8,11	17,57
1OD7.A	5NNW.C	7,29	7,14	18,57
1EO8.A	4AFC.A	5,30	7,95	20,45
1UXA.A	2ARZ.A	5,76	9,30	23,26
4B4P.A	3ZZV.C	6,82	7,35	22,06
2W9L.Q	4L92.A	5,16	8,43	14,46
4MBZ.F	3ZZV.C	5,55	12,50	22,92
2RKC.A	3A5P.C	6,68	14,47	23,68
1EO8.A	2WQ4.B	5,98	6,06	17,17
1KIU.L	4YG0.A	5,52	6,15	18,46
2JWP.A	2XBO.1	5,53	7,02	16,67
2WRA.A	1Y2X.B	6,46	3,85	15,38
2RKC.A	4AFC.A	6,24	4,69	12,50
3WG4.A	1UXA.A	4,87	10,98	23,17
2L2F.A	5V6K.A	7,18	8,86	22,78
1FLC.A	5MB4.A	6,36	4,69	17,19
2WT2.A	6A56.A	5,10	6,86	15,69
1GV9.A	2L9Y.A	7,77	7,58	18,18
2A6V.A	4H14.A	4,17	6,90	20,00
2XBO.1	3ZZV.C	7,83	9,84	19,67
4YG0.A	4TQM.A	5,35	5,06	15,19
2XBO.1	6A56.A	5,66	4,72	14,15
5V6K.A	2ARZ.A	7,06	9,84	34,43
1IIY.A	1Y2X.B	7,58	8,70	26,09
2W9L.Q	5MB4.A	9,58	3,92	15,69
1ZHQ.H	3IYK.K	4,53	4,26	23,40
3WMP.D	5IK4.A	5,26	7,79	19,48
3WMP.D	4F8L.A	4,77	7,06	21,18
1OSY.B	5IK4.A	6,36	2,78	15,28
1B09.A	6A56.A	4,78	2,88	15,38
1KIU.L	2JWP.A	5,25	7,22	15,46
2A6V.A	4Q56.A	5,48	6,45	20,97
1EO8.A	4TQM.A	7,61	9,33	22,67
3CQO.B	5IK4.A	3,70	4,08	27,55
3WUD.A	2L2F.A	5,85	6,35	25,40
2WQ4.B	5NNW.C	7,70	7,95	15,91
4AGG.A	5NWP.B	6,67	6,25	20,00
1Y2X.B	2WN3.C	6,60	5,48	16,44
3WG4.A	4B4P.A	5,76	12,31	18,46
2L9Y.A	5MB4.A	5,80	9,38	28,13
4AFC.A	5NWP.B	6,30	4,00	14,00
1FLC.A	1UXA.A	6,20	2,63	16,67
3WUD.A	2A6V.A	3,20	10,08	29,46
4AGG.A	5IK4.A	3,87	6,35	17,46
2WQ4.B	5MB4.A	6,80	6,06	10,61
1Y2X.B	2A6V.A	5,25	7,89	21,05
5OFZ.D	4AFC.A	4,73	10,13	26,58
2A6V.A	2HB0.A	6,41	7,62	14,29
5E6T.B	4CSD.B	7,33	5,56	22,22
3WG4.A	3WMP.D	5,50	8,97	17,95
1GV9.A	3WG4.A	3,77	10,00	19,29
2ZG3.A	2RKC.A	5,86	5,00	17,00
1GV9.A	1O9V.A	6,00	8,86	16,46
2JZJ.A	2L9Y.A	7,96	8,20	14,75
2L2F.A	2ZG3.A	6,27	9,46	27,03
3CQO.B	1ZHQ.H	6,15	4,26	14,89
2WRA.A	4L92.A	4,30	2,25	16,85
3WG4.A	5NWP.B	8,44	9,00	25,00
4F8L.A	5ZHG.A	8,13	2,53	17,72
4MBZ.F	1UXA.A	7,94	7,32	23,17
3CQO.B	2WQ4.B	4,37	7,41	16,05
4F8L.A	5IK4.A	5,11	7,89	22,37
1FLC.A	5ZHG.A	9,14	7,06	17,65
1B09.A	2WRA.A	4,80	8,24	21,18
1OSY.B	4B4P.A	5,25	5,06	13,92
1EO8.A	4F8L.A	6,41	3,26	15,22
1FLC.A	4TQM.A	7,78	10,00	14,44
4MBZ.F	4L92.A	7,25	11,59	21,74
1B09.A	1ZHQ.H	5,69	12,00	20,00
2L2F.A	2WQ4.B	6,97	1,39	16,67
1FLC.A	3WG4.A	4,66	6,60	17,92
4F8L.A	4TQM.A	8,21	1,18	10,59
4AFC.A	4TQM.A	8,15	9,21	14,47
1IIY.A	1UXA.A	5,61	10,91	25,45
3QC5.X	5IK4.A	6,46	5,38	16,13
3CQO.B	2W9L.Q	6,16	10,48	24,76
2ZG3.A	4AFC.A	5,45	6,49	16,88
2A6V.A	5NWP.B	5,13	5,98	21,37
1IIY.A	2WQ4.B	7,36	3,03	19,70
2JWP.A	4WE2.A	5,27	6,25	10,94
1J8R.A	2XBO.1	5,22	4,71	18,82
1EO8.A	4YG0.A	6,17	10,26	29,49
1O9V.A	3QC5.X	4,06	3,03	17,17
5IK4.A	4CSD.B	6,70	7,53	10,75
5NWP.B	6A56.A	5,61	2,53	16,46
5T5P.A	4TQM.A	5,42	11,00	22,00
1UXA.A	3QC5.X	5,56	4,12	20,62
2ZG3.A	4B4P.A	5,70	5,06	17,72
2WRA.A	4AGG.A	4,49	3,66	18,29
1KIU.L	1OSY.B	4,25	9,46	14,86
3CQO.B	2XBO.1	4,81	6,84	16,24
5V6K.A	4F8L.A	9,94	4,76	11,90
2L2F.A	4B4P.A	8,26	5,56	20,83
5OFZ.D	4MBZ.F	5,55	5,36	16,07
2RKC.A	3ZZV.C	3,69	6,33	10,13
2WRA.A	2L9Y.A	6,87	4,08	18,37
1EO8.A	5ZHG.A	5,51	8,22	16,44
3WUD.A	2WRA.A	4,18	1,33	9,33
2WRA.A	1IIY.A	5,58	12,50	20,83
5ZHG.A	4CSD.B	6,36	4,71	18,82
5IK4.A	5NNW.C	7,77	4,46	18,75
5V6K.A	2A6V.A	7,99	4,23	18,31
2JZJ.A	2A6V.A	6,07	13,33	22,67
1EO8.A	4GWJ.A	5,09	8,47	18,64
1IIY.A	5NWP.B	6,03	5,45	20,00
3A5P.C	4TQM.A	5,82	11,11	20,99
1GV9.A	1Y2X.B	6,17	6,06	17,17
1Y2X.B	4TQM.A	5,27	5,63	18,31
1ZHQ.H	5MB4.A	8,57	5,71	18,57
2WRA.A	1O9V.A	4,66	10,53	18,42
2WQ4.B	4AGG.A	5,07	8,05	18,39
4AGG.A	6A56.A	7,12	5,68	23,86
5OFZ.D	4TQM.A	6,02	4,76	14,29
3ZZV.C	4CSD.B	0,47	75,58	84,88
2JWP.A	2WN3.C	5,05	4,76	16,19
3WUD.A	5OFZ.D	6,76	5,97	19,40
2JWP.A	5ZHG.A	5,70	2,33	17,44
1J8R.A	5V6K.A	7,39	7,04	16,90
3WUD.A	1J8R.A	5,32	5,17	10,34
5IK4.A	5NWP.B	5,46	7,77	16,50
2WRA.A	5E6T.B	5,37	6,67	20,00
2L2F.A	5OFZ.D	6,65	6,15	21,54
4MBZ.F	2W9L.Q	5,87	6,67	18,10
1KIU.L	4AFC.A	6,40	9,90	21,78
3WG4.A	2XBO.1	5,37	7,22	20,62
2XBO.1	4WE2.A	6,15	7,76	16,38
1EO8.A	5OFZ.D	6,48	5,88	15,29
3WUD.A	2WN3.C	4,67	2,56	16,67
5T5P.A	5IK4.A	4,17	5,84	21,17
1J8R.A	2WQ4.B	5,95	4,81	17,31
1EO8.A	5MB4.A	7,61	6,25	15,63
4H14.A	5ZHG.A	5,33	3,45	21,55
2A6V.A	2JWP.A	4,43	4,55	18,94
1B09.A	1O9V.A	5,93	9,28	23,71
4GWJ.A	5OFZ.D	4,96	7,06	21,18
3WUD.A	1GV9.A	2,90	7,69	21,54
1UXA.A	4CSD.B	8,72	5,13	8,97
1ZHQ.H	2WN3.C	5,50	11,54	21,15
2RKC.A	2WN3.C	5,60	4,94	16,05
1UXA.A	5MB4.A	6,32	13,04	23,19
2JZJ.A	4B4P.A	6,21	2,99	23,88
5V6K.A	5NWP.B	9,31	7,69	14,10
2WT2.A	5OFZ.D	6,94	9,21	22,37
4YG0.A	2ZG3.A	5,96	7,79	16,88
4L92.A	5MB4.A	7,04	8,97	19,23
2WRA.A	1OSY.B	4,86	10,00	24,29
5T5P.A	1IIY.A	5,02	1,59	15,87
1B09.A	4Q56.A	6,07	6,45	19,35
1J8R.A	4AFC.A	6,04	2,08	11,46
4GWJ.A	6A56.A	4,20	10,19	22,22
1Y2X.B	3WMP.D	6,99	3,23	16,13
2W9L.Q	5NNW.C	6,96	3,00	16,00
3QC5.X	6A56.A	5,79	3,33	16,67
1GV9.A	1OSY.B	6,31	6,35	15,87
4MBZ.F	4Q56.A	5,69	6,67	16,67
4F8L.A	5NNW.C	7,85	7,69	19,23
3QC5.X	5NNW.C	9,22	8,14	17,44
4GWJ.A	2W9L.Q	6,15	6,80	11,65
3WG4.A	4CSD.B	5,24	6,73	15,38
2XBO.1	4AGG.A	7,91	4,23	18,31
1O9V.A	2L9Y.A	6,81	7,55	18,87
3A5P.C	3IYK.K	3,17	2,50	12,50
1IIY.A	2XBO.1	8,14	3,13	7,81
1GV9.A	2JWP.A	4,41	7,63	18,32
1FLC.A	2L9Y.A	6,96	10,91	23,64
2JZJ.A	5NNW.C	5,68	8,70	18,84
2W9L.Q	5ZHG.A	7,28	5,71	15,71
3ZZV.C	4TQM.A	3,96	7,69	17,95
3CQO.B	3WG4.A	6,00	3,03	16,16
1Y2X.B	5NNW.C	4,94	6,98	17,44
2WRA.A	4Q56.A	5,33	10,61	27,27
1ZHQ.H	2HB0.A	4,88	2,90	15,94
3WMP.D	5MB4.A	5,54	9,68	17,74
1J8R.A	4Q56.A	4,73	4,44	13,33
1IIY.A	3A5P.C	4,33	7,69	23,08
1OSY.B	4Q56.A	5,36	5,88	16,18
5OFZ.D	3A5P.C	6,94	7,58	16,67
1O9V.A	2A6V.A	5,55	9,18	18,37
2HB0.A	4WE2.A	5,95	8,39	21,94
2W9L.Q	3ZZV.C	5,38	10,91	14,55
4MBZ.F	2L9Y.A	6,98	12,12	24,24
1KIU.L	1O9V.A	3,94	5,22	14,93
1ZHQ.H	6A56.A	8,53	7,02	19,30
3CQO.B	3A5P.C	8,94	8,70	21,74
5T5P.A	2WRA.A	4,81	12,66	29,11
5V6K.A	2WQ4.B	7,01	11,25	23,75
3WUD.A	1Y2X.B	6,40	3,95	11,84
2ARZ.A	2RKC.A	6,64	2,70	13,51
2L9Y.A	4F8L.A	5,90	0,00	4,17
3IYK.K	4B4P.A	5,31	12,31	32,31
5E6T.B	1KIU.L	5,58	7,23	18,07
4AFC.A	3A5P.C	8,93	5,63	14,08
4MBZ.F	2WN3.C	6,50	8,42	14,74
1IIY.A	3CQO.B	5,69	6,38	25,53
2WQ4.B	4CSD.B	5,34	4,41	17,65
3CQO.B	4L92.A	7,05	8,05	17,24
1UXA.A	2A6V.A	5,50	13,98	27,96
4GWJ.A	4WE2.A	5,00	8,25	17,53
2JZJ.A	4Q56.A	6,05	10,34	18,97
4YG0.A	2W9L.Q	7,23	7,59	21,52
1KIU.L	3A5P.C	6,63	4,11	16,44
1FLC.A	4F8L.A	5,35	11,58	22,11
2L9Y.A	3WMP.D	7,21	6,52	10,87
4Q56.A	4F8L.A	5,00	9,30	19,77
1ZHQ.H	5NNW.C	8,03	5,36	16,07
4GWJ.A	1O9V.A	4,67	8,60	20,43
5V6K.A	4CSD.B	5,28	8,79	20,88
2L2F.A	5IK4.A	7,66	4,62	12,31
2JZJ.A	3IYK.K	5,09	6,56	22,95
5OFZ.D	3WMP.D	4,35	6,49	23,38
2ARZ.A	4WE2.A	7,97	3,08	13,85
5T5P.A	1J8R.A	4,79	8,57	14,29
3IYK.K	5ZHG.A	4,05	2,50	20,83
4YG0.A	5IK4.A	4,87	10,58	25,00
3WG4.A	5ZHG.A	5,97	3,60	26,13
1EO8.A	2ARZ.A	7,64	6,06	16,16
2L2F.A	3WG4.A	5,78	3,13	25,00
1OSY.B	5NWP.B	5,88	5,33	18,67
2ZG3.A	3ZZV.C	6,39	6,90	13,79
2RKC.A	2XBO.1	5,80	3,88	17,48
1Y2X.B	6A56.A	6,75	5,26	26,32
3CQO.B	3ZZV.C	5,20	6,56	8,20
3WUD.A	4F8L.A	5,75	6,33	18,99
3WG4.A	2ARZ.A	5,62	6,15	23,08
1IIY.A	5OFZ.D	8,91	4,62	18,46
4H14.A	5NNW.C	6,78	8,05	19,54
1O9V.A	4L92.A	6,15	2,94	16,67
2A6V.A	4AFC.A	6,23	2,94	23,53
4YG0.A	1UXA.A	6,68	4,17	25,00
4Q56.A	3ZZV.C	7,17	8,33	15,00
4GWJ.A	2ZG3.A	5,38	5,13	16,67
1IIY.A	3WMP.D	4,77	4,26	21,28
5E6T.B	2ZG3.A	7,95	4,49	10,11
1KIU.L	3WMP.D	4,82	7,53	18,28
2W9L.Q	5IK4.A	5,83	1,94	15,53
5E6T.B	2WQ4.B	5,68	10,14	20,29
1B09.A	2A6V.A	4,27	13,70	33,56
2ARZ.A	2XBO.1	5,55	9,09	16,88
4WE2.A	5ZHG.A	4,82	3,13	15,63
2JZJ.A	4AGG.A	6,59	8,45	14,08
1OSY.B	1UXA.A	5,71	3,64	18,18
2WQ4.B	4AFC.A	5,92	3,49	18,60
2JZJ.A	3A5P.C	6,66	2,78	12,50
3A5P.C	5NWP.B	7,63	3,03	10,61
1OD7.A	4F8L.A	5,09	12,12	25,25
3IYK.K	4WE2.A	6,12	3,90	15,58
5E6T.B	5IK4.A	6,13	3,13	14,06
2L2F.A	5MB4.A	4,20	8,11	20,27
1OD7.A	4WE2.A	7,76	10,68	25,24
2WRA.A	4WE2.A	7,59	10,29	22,06
2ZG3.A	4H14.A	5,53	5,41	24,32
2WRA.A	4H14.A	5,10	3,13	12,50
1GV9.A	4B4P.A	4,57	3,81	15,24
3WUD.A	1UXA.A	5,83	7,46	23,88
1EO8.A	2WN3.C	5,41	5,98	17,95
1FLC.A	5V6K.A	10,17	5,95	17,86
2L9Y.A	3QC5.X	5,21	7,25	23,19
1UXA.A	5NWP.B	5,27	9,18	19,39
3WMP.D	4AGG.A	4,83	8,45	18,31
4YG0.A	3WG4.A	5,16	8,93	26,79
1O9V.A	2RKC.A	6,52	6,67	17,78
2HB0.A	5MB4.A	7,35	7,89	18,42
3WUD.A	1O9V.A	4,52	9,33	21,33
1O9V.A	4H14.A	6,06	5,71	16,19
4GWJ.A	1ZHQ.H	7,08	8,70	8,70
5T5P.A	1FLC.A	5,01	7,26	16,94
2HB0.A	4H14.A	7,04	6,74	17,98
4H14.A	3ZZV.C	5,18	9,59	13,70
3QC5.X	4F8L.A	3,87	6,48	19,44
1Y2X.B	3QC5.X	4,80	6,76	17,57
3WG4.A	4Q56.A	6,02	5,19	20,78
4F8L.A	6A56.A	4,85	8,25	15,46
4AFC.A	4F8L.A	5,21	7,61	18,48
5E6T.B	3A5P.C	5,69	11,48	19,67
1IIY.A	4YG0.A	5,07	1,82	16,36
1J8R.A	4WE2.A	6,91	4,63	19,44
3WUD.A	3IYK.K	3,72	3,74	15,89
2JZJ.A	5MB4.A	4,89	7,14	20,00
4GWJ.A	5NWP.B	5,05	8,60	21,51
5V6K.A	2JWP.A	6,75	6,15	18,46
4GWJ.A	4YG0.A	7,27	7,06	22,35
1GV9.A	2HB0.A	6,13	6,67	13,33
3QC5.X	3WMP.D	4,27	8,64	19,75
2L2F.A	1J8R.A	8,22	0,00	16,13
4H14.A	4TQM.A	6,81	7,58	17,42
2WQ4.B	4L92.A	3,44	13,45	26,89
1GV9.A	3QC5.X	6,06	3,09	9,28
1UXA.A	4F8L.A	6,22	4,17	13,89
4MBZ.F	3WG4.A	4,88	8,93	16,07
1J8R.A	4CSD.B	5,27	7,14	21,43
4MBZ.F	6A56.A	6,09	3,28	18,03
1IIY.A	3QC5.X	7,03	4,05	21,62
1KIU.L	3WG4.A	6,13	5,75	14,94
5T5P.A	1GV9.A	3,25	15,79	32,11
2A6V.A	3A5P.C	5,07	8,14	24,42
1OD7.A	5MB4.A	5,54	6,56	22,95
2WT2.A	2W9L.Q	6,53	9,21	22,37
3CQO.B	4WE2.A	9,51	4,20	15,13
1GV9.A	5ZHG.A	4,74	5,50	23,85
1IIY.A	5NNW.C	4,70	2,99	20,90
1GV9.A	2A6V.A	2,50	18,81	38,12
2JWP.A	3WMP.D	4,21	4,11	12,33
4YG0.A	4H14.A	4,52	8,13	29,27
1J8R.A	4F8L.A	4,67	9,52	25,40
5OFZ.D	1Y2X.B	6,75	8,22	23,29
1B09.A	1Y2X.B	7,35	10,71	20,24
2RKC.A	5IK4.A	5,70	7,69	29,49
2ZG3.A	3WMP.D	7,38	4,23	11,27
4MBZ.F	4AFC.A	5,52	2,41	12,05
2A6V.A	5MB4.A	5,53	12,15	21,50
5OFZ.D	1O9V.A	5,96	10,39	20,78
1KIU.L	5OFZ.D	5,22	8,42	23,16
2XBO.1	3A5P.C	8,63	8,82	23,53
2JZJ.A	4TQM.A	5,25	7,04	16,90
4MBZ.F	5NNW.C	7,24	3,85	15,38
6A56.A	5MB4.A	6,60	4,23	12,68
2WQ4.B	2XBO.1	5,08	8,49	16,98
3WUD.A	4MBZ.F	5,40	9,38	20,31
5E6T.B	2JWP.A	6,59	3,90	15,58
2WN3.C	6A56.A	4,72	8,91	17,82
1IIY.A	2L2F.A	1,65	31,68	45,54
1O9V.A	1OD7.A	6,88	5,95	14,29
1J8R.A	2ZG3.A	5,79	6,82	19,32
5E6T.B	2ARZ.A	5,70	5,56	18,06
5T5P.A	5OFZ.D	6,88	4,82	15,66
1EO8.A	2RKC.A	7,19	6,90	19,54
3WUD.A	5NWP.B	9,43	6,45	12,90
2JZJ.A	6A56.A	7,29	1,45	11,59
2L9Y.A	2RKC.A	7,36	6,94	20,83
4YG0.A	3ZZV.C	4,45	4,29	17,14
3WUD.A	2JZJ.A	5,78	4,92	16,39
2JWP.A	3QC5.X	5,75	10,59	22,35
5OFZ.D	2RKC.A	6,37	4,17	19,44
1B09.A	4H14.A	4,01	4,55	17,27
1FLC.A	1J8R.A	6,87	3,33	8,89
1ZHQ.H	5IK4.A	5,87	5,45	14,55
4YG0.A	4WE2.A	6,93	7,79	16,88
3CQO.B	2A6V.A	4,54	7,76	16,38
1UXA.A	3WMP.D	5,74	10,11	17,98
2WT2.A	1UXA.A	5,77	8,70	24,64
2WQ4.B	5IK4.A	5,01	4,65	10,47
2WN3.C	4CSD.B	8,30	5,33	14,67
2XBO.1	3IYK.K	6,20	7,27	16,36
1J8R.A	5MB4.A	9,13	5,71	14,29
1FLC.A	2JZJ.A	8,76	3,66	12,20
3IYK.K	3WMP.D	7,41	8,33	23,61
1GV9.A	4L92.A	6,29	10,11	17,98
2W9L.Q	4H14.A	7,67	5,88	15,29
2WRA.A	1KIU.L	4,16	7,04	21,13
3WG4.A	4L92.A	5,54	2,83	13,21
2WRA.A	2L2F.A	6,45	8,20	14,75
5NNW.C	5MB4.A	5,71	9,20	19,54
1GV9.A	3IYK.K	3,89	4,81	16,35
2ARZ.A	3ZZV.C	7,45	5,45	12,73
2WRA.A	3WMP.D	4,29	6,06	16,67
1Y2X.B	1ZHQ.H	9,61	1,59	14,29
3A5P.C	5ZHG.A	4,88	5,71	15,71
1IIY.A	1KIU.L	7,54	5,19	12,99
2WT2.A	3IYK.K	4,10	5,61	15,89
1IIY.A	2JZJ.A	1,35	25,74	46,53
2HB0.A	2L9Y.A	5,04	6,56	21,31
2WT2.A	1B09.A	3,71	10,08	22,48
1Y2X.B	2L9Y.A	5,73	2,17	6,52
3WG4.A	2W9L.Q	5,40	9,59	31,51
1Y2X.B	5ZHG.A	10,20	6,59	18,68
1UXA.A	1ZHQ.H	9,17	3,51	14,04
1OD7.A	2WQ4.B	5,27	5,13	16,67
2L2F.A	2JWP.A	7,35	11,11	22,22
1EO8.A	4WE2.A	5,32	6,59	15,38
4MBZ.F	5V6K.A	10,42	2,44	19,51
3A5P.C	3ZZV.C	4,17	4,41	10,29
5E6T.B	2JZJ.A	7,05	0,00	12,68
1B09.A	2L2F.A	6,35	7,14	17,14
5OFZ.D	4WE2.A	9,01	7,25	20,29
4GWJ.A	5V6K.A	9,29	4,94	17,28
1ZHQ.H	2WQ4.B	7,41	7,55	16,98
5OFZ.D	5ZHG.A	5,94	14,29	25,40
1GV9.A	3WMP.D	5,11	4,71	17,65
1J8R.A	3WG4.A	8,50	9,23	20,00
2JZJ.A	4AFC.A	5,33	9,52	15,87
1FLC.A	1KIU.L	5,72	5,94	17,82
2RKC.A	3WMP.D	6,99	4,29	15,71
1GV9.A	5IK4.A	3,79	5,00	15,00
1GV9.A	4TQM.A	5,05	9,01	20,72
5T5P.A	5V6K.A	10,48	5,13	15,38
1O9V.A	5IK4.A	5,25	9,09	20,20
6A56.A	4TQM.A	7,40	8,06	14,52
4YG0.A	5NNW.C	5,70	5,75	14,94
2HB0.A	3IYK.K	6,67	7,81	18,75
2JZJ.A	2ARZ.A	4,85	7,25	17,39
2WN3.C	3ZZV.C	5,67	3,23	24,19
1ZHQ.H	2W9L.Q	5,73	6,38	21,28
2JZJ.A	5NWP.B	6,27	2,38	13,10
5V6K.A	6A56.A	9,83	9,52	23,81
4B4P.A	4F8L.A	4,49	6,52	14,13
4MBZ.F	5NWP.B	6,85	4,27	11,11
2WN3.C	4H14.A	6,68	7,06	21,18
2JZJ.A	4CSD.B	4,81	4,76	14,29
1FLC.A	2RKC.A	6,54	6,87	16,03
5E6T.B	4AGG.A	4,88	7,14	24,29
3A5P.C	3WMP.D	8,19	11,86	18,64
5E6T.B	4WE2.A	6,04	6,96	16,52
2WT2.A	2WN3.C	4,93	7,32	14,63
4AFC.A	5ZHG.A	6,52	8,89	26,67
5ZHG.A	6A56.A	5,69	14,06	34,38
2XBO.1	4L92.A	5,15	6,61	22,31
2WRA.A	2JZJ.A	6,05	7,02	24,56
1EO8.A	2XBO.1	6,11	13,33	23,33
1OSY.B	2A6V.A	6,75	5,26	19,74
4YG0.A	5MB4.A	5,10	3,85	10,26
1UXA.A	2L9Y.A	5,66	7,81	21,88
1ZHQ.H	2XBO.1	7,27	4,26	12,77
2L2F.A	4CSD.B	4,05	3,23	8,06
5T5P.A	4YG0.A	5,04	8,04	16,07
3WMP.D	3ZZV.C	7,56	5,45	14,55
1J8R.A	2W9L.Q	4,61	3,03	13,13
2WT2.A	1GV9.A	3,85	7,80	20,57
5E6T.B	3QC5.X	6,65	3,95	10,53
5E6T.B	5MB4.A	6,01	8,70	21,74
2ZG3.A	2JWP.A	5,08	4,88	23,17
1UXA.A	4B4P.A	7,62	5,19	18,18
1KIU.L	3ZZV.C	7,73	8,06	27,42
2ARZ.A	3WMP.D	6,83	3,51	14,04
2WT2.A	1OSY.B	6,90	5,41	18,92
3IYK.K	5NNW.C	5,35	10,00	21,25
2L2F.A	2A6V.A	6,36	12,90	22,58
1FLC.A	4AFC.A	5,39	9,78	17,39
5OFZ.D	4Q56.A	4,10	6,25	17,50
3WUD.A	3WMP.D	4,92	2,70	16,22
1Y2X.B	3IYK.K	6,71	3,85	15,38
3WG4.A	5V6K.A	8,56	7,87	19,10
5OFZ.D	3ZZV.C	6,00	1,67	13,33
4YG0.A	3WMP.D	5,47	6,06	18,18
4Q56.A	2L9Y.A	6,01	2,13	12,77
2W9L.Q	4CSD.B	8,15	9,68	19,35
4AFC.A	3IYK.K	5,78	1,64	11,48
2XBO.1	4CSD.B	8,14	7,69	19,23
1FLC.A	4B4P.A	6,58	7,37	17,89
1ZHQ.H	2RKC.A	5,53	0,00	8,70
2JWP.A	4AGG.A	4,00	5,43	11,96
2WQ4.B	4WE2.A	4,71	6,56	26,23
1O9V.A	5MB4.A	8,82	7,04	21,13
2ARZ.A	5NWP.B	7,15	11,49	21,84
4YG0.A	3A5P.C	3,64	7,79	20,78
1J8R.A	5NWP.B	5,78	8,00	19,33
5E6T.B	3WMP.D	6,21	4,92	13,11
2L2F.A	4WE2.A	5,28	8,93	25,00
4Q56.A	5NWP.B	4,76	5,26	18,42
4GWJ.A	3ZZV.C	5,35	4,92	11,48
1OSY.B	4AGG.A	4,81	10,45	25,37
2HB0.A	5NWP.B	3,56	6,67	18,00
1KIU.L	2A6V.A	6,38	8,18	20,00
5T5P.A	4F8L.A	6,06	6,38	15,96
5V6K.A	5MB4.A	6,74	6,00	20,00
4YG0.A	2RKC.A	7,45	4,00	12,00
2JZJ.A	1Y2X.B	5,72	4,69	14,06
5NWP.B	4TQM.A	6,42	5,33	20,00
1OSY.B	2RKC.A	5,95	5,56	20,83
4L92.A	4CSD.B	5,75	5,48	23,29
4GWJ.A	5MB4.A	8,34	5,26	21,05
2ZG3.A	4AGG.A	5,17	2,44	18,29
1OD7.A	3WG4.A	5,90	8,16	25,51
5IK4.A	3ZZV.C	4,50	7,35	17,65
4GWJ.A	1OD7.A	4,76	6,41	19,23
2WRA.A	2W9L.Q	5,11	5,36	12,50
4WE2.A	4CSD.B	6,06	5,48	13,70
1IIY.A	4AFC.A	8,05	3,51	10,53
2ZG3.A	1OSY.B	6,63	8,99	17,98
4H14.A	5NWP.B	7,60	6,59	15,38
1KIU.L	4TQM.A	6,84	5,41	16,22
5T5P.A	3IYK.K	4,87	5,56	12,96
1UXA.A	5ZHG.A	7,51	3,23	12,90
1J8R.A	1OD7.A	6,42	5,81	13,95
5T5P.A	4L92.A	5,06	4,62	13,85
5T5P.A	2WQ4.B	4,27	10,17	18,64
1EO8.A	1FLC.A	4,99	10,33	24,72
4Q56.A	4B4P.A	4,77	8,70	18,84
2HB0.A	4CSD.B	6,25	9,59	19,18
1IIY.A	2RKC.A	3,92	7,59	20,25
5E6T.B	1OD7.A	6,36	6,85	23,29
5T5P.A	2ARZ.A	6,94	6,02	18,07
1Y2X.B	2ARZ.A	6,33	5,71	12,86
2HB0.A	3QC5.X	8,60	7,78	22,16
1B09.A	3WMP.D	6,53	4,05	14,86
2WT2.A	5T5P.A	5,01	9,23	20,77
1FLC.A	1Y2X.B	6,29	4,17	19,44
5OFZ.D	2WN3.C	7,08	5,75	14,94
5T5P.A	5NWP.B	6,65	6,19	13,40
1EO8.A	5V6K.A	6,50	6,85	21,92
2WRA.A	4MBZ.F	10,23	7,69	20,51
3WUD.A	4CSD.B	5,94	5,26	13,68
1IIY.A	1OSY.B	6,87	12,73	20,00
2RKC.A	4TQM.A	4,62	6,54	16,82
2WT2.A	4MBZ.F	5,84	5,56	16,67
2HB0.A	3ZZV.C	6,23	6,06	16,67
2RKC.A	4F8L.A	5,57	10,14	23,19
1KIU.L	4WE2.A	7,72	5,00	16,25
1FLC.A	5NWP.B	5,20	5,45	14,55
4AFC.A	4AGG.A	4,74	4,65	16,28
1UXA.A	4H14.A	9,56	10,00	23,33
2WQ4.B	3A5P.C	8,52	11,11	20,63
1J8R.A	3ZZV.C	6,79	6,67	11,67
2L2F.A	2HB0.A	4,98	2,99	14,93
1KIU.L	5NNW.C	6,10	6,49	23,38
2WT2.A	1OD7.A	5,12	8,14	18,60
2ARZ.A	3QC5.X	5,45	4,76	22,22
5T5P.A	6A56.A	5,08	7,09	15,75
1ZHQ.H	3A5P.C	7,67	4,26	10,64
2L2F.A	3CQO.B	9,78	10,45	22,39
3WUD.A	4GWJ.A	3,10	10,39	32,47
5E6T.B	1J8R.A	7,54	2,70	13,51
2W9L.Q	4B4P.A	5,14	8,20	16,39
1Y2X.B	4B4P.A	4,71	12,31	26,15
1B09.A	4CSD.B	6,56	6,56	21,31
1B09.A	2ARZ.A	6,14	8,20	21,31
2ZG3.A	2W9L.Q	7,14	10,96	19,18
2WT2.A	1EO8.A	4,79	5,06	15,19
4AFC.A	5NNW.C	7,23	12,00	17,33
2WT2.A	1FLC.A	4,81	6,32	16,84
1OD7.A	1Y2X.B	4,42	10,96	23,29
4Q56.A	4AGG.A	6,60	6,06	24,24
2W9L.Q	2XBO.1	4,62	5,63	21,13
1ZHQ.H	4L92.A	9,56	3,51	21,05
1GV9.A	2RKC.A	4,96	5,95	23,81
2WT2.A	4B4P.A	4,56	7,53	11,83
3CQO.B	2ZG3.A	7,48	4,55	15,58
1IIY.A	3ZZV.C	3,78	12,73	27,27
4Q56.A	4WE2.A	7,43	10,96	28,77
1ZHQ.H	4AFC.A	6,58	9,21	17,11
3A5P.C	4L92.A	5,08	3,85	21,79
5T5P.A	3CQO.B	4,82	10,48	19,35
1FLC.A	1IIY.A	5,94	1,79	19,64
3WUD.A	3CQO.B	3,00	6,58	21,05
5NNW.C	4CSD.B	5,90	4,26	14,89
1GV9.A	1IIY.A	7,72	5,71	21,43
2ARZ.A	3IYK.K	6,27	6,56	26,23
1OD7.A	4CSD.B	9,45	1,33	18,67
1J8R.A	4YG0.A	6,68	7,58	21,21
2WQ4.B	3ZZV.C	8,46	6,85	13,70
5OFZ.D	2HB0.A	5,58	11,46	26,04
4YG0.A	6A56.A	8,29	4,49	21,35
1EO8.A	3ZZV.C	5,85	3,51	12,28
2ZG3.A	1Y2X.B	4,74	4,05	12,16
1B09.A	3IYK.K	4,82	5,00	21,00
2HB0.A	3WMP.D	5,00	1,14	17,05
2ZG3.A	5NWP.B	7,03	2,27	11,36
5E6T.B	3WG4.A	5,98	2,99	13,43
1O9V.A	3WG4.A	6,50	5,56	17,78
2A6V.A	3ZZV.C	3,92	9,23	16,92
2WRA.A	3ZZV.C	4,21	3,57	21,43
3CQO.B	4AGG.A	4,20	9,30	23,26
1O9V.A	5NWP.B	2,82	16,35	33,33
1GV9.A	2JZJ.A	5,57	8,20	18,03
2JWP.A	4L92.A	5,58	6,09	14,78
1O9V.A	3WMP.D	4,93	3,57	10,71
1B09.A	1EO8.A	6,08	9,52	20,24
4AFC.A	3QC5.X	5,85	7,45	19,15
5E6T.B	3IYK.K	9,49	9,59	17,81
1B09.A	5OFZ.D	4,12	9,30	27,91
4WE2.A	5NNW.C	9,27	7,69	20,51
1EO8.A	1OSY.B	6,27	7,25	17,39
5E6T.B	2XBO.1	5,74	9,89	18,68
2HB0.A	2XBO.1	8,27	11,65	29,13
2ZG3.A	4Q56.A	5,54	5,48	15,07
1ZHQ.H	3ZZV.C	4,78	5,56	13,89
2L9Y.A	4AGG.A	9,23	9,26	18,52
2W9L.Q	3IYK.K	8,73	7,58	16,67
1GV9.A	5V6K.A	5,65	2,56	21,79
1OSY.B	4WE2.A	5,87	9,86	18,31
3WUD.A	2W9L.Q	5,32	6,06	24,24
2W9L.Q	2WQ4.B	6,01	6,19	27,84
1OD7.A	1OSY.B	4,57	5,95	17,86
2JZJ.A	1ZHQ.H	7,15	5,26	14,04
3A5P.C	4AGG.A	5,39	6,82	20,45
1UXA.A	3A5P.C	7,00	7,81	25,00
4GWJ.A	2RKC.A	8,17	2,82	12,68
1KIU.L	6A56.A	5,60	7,21	15,32
1OSY.B	3QC5.X	3,99	5,81	15,12
2JZJ.A	1OD7.A	5,42	7,14	14,29
1OD7.A	2JWP.A	5,22	3,61	16,87
4L92.A	6A56.A	6,10	10,29	22,06
2XBO.1	5NWP.B	7,16	5,21	18,75
2ZG3.A	2WQ4.B	5,27	9,28	21,65
2JWP.A	5MB4.A	6,77	5,13	15,38
3CQO.B	3WMP.D	4,82	7,41	16,05
1GV9.A	4YG0.A	5,04	3,57	16,07
1FLC.A	3ZZV.C	5,92	1,64	11,48
1UXA.A	5NNW.C	5,76	2,90	14,49
5OFZ.D	6A56.A	4,09	14,04	21,93
2A6V.A	4TQM.A	4,70	7,92	18,81
2HB0.A	6A56.A	5,73	4,63	12,96
4YG0.A	2HB0.A	5,72	8,45	14,08
2A6V.A	5NNW.C	6,60	5,21	15,63
1Y2X.B	2RKC.A	4,82	11,54	17,95
1J8R.A	2JWP.A	6,58	7,87	16,85
1EO8.A	3WMP.D	4,53	15,85	28,05
1EO8.A	2L2F.A	5,83	3,51	17,54
2L2F.A	3IYK.K	5,35	4,55	16,67
5E6T.B	4YG0.A	7,12	5,26	18,42
5T5P.A	4GWJ.A	4,70	5,26	19,30
2WT2.A	5NNW.C	7,18	3,88	11,63
1B09.A	2W9L.Q	5,74	3,95	19,74
1B09.A	1OSY.B	5,43	11,43	24,29
2WRA.A	2ARZ.A	6,19	4,76	12,70
2JZJ.A	2XBO.1	7,42	4,23	16,90
4F8L.A	4L92.A	6,61	5,05	21,21
3IYK.K	3QC5.X	6,07	3,53	16,47
2XBO.1	3WMP.D	5,13	13,75	20,00
4MBZ.F	5MB4.A	7,67	8,64	18,52
4GWJ.A	5IK4.A	3,94	10,00	29,00
3IYK.K	4H14.A	4,50	3,81	14,29
2L2F.A	3QC5.X	5,70	5,88	22,06
2L2F.A	1UXA.A	5,03	7,94	17,46
1KIU.L	4AGG.A	6,25	2,63	14,47
5OFZ.D	2WQ4.B	4,09	7,22	19,59
2A6V.A	4WE2.A	5,32	1,96	18,63
1EO8.A	5NWP.B	4,85	5,10	14,29
4YG0.A	1OD7.A	6,64	4,05	14,86
3A5P.C	4H14.A	4,67	5,63	16,90
2RKC.A	4H14.A	3,56	4,88	8,54
3WMP.D	5NWP.B	4,58	4,55	17,05
1OSY.B	3ZZV.C	6,82	7,69	18,46
5E6T.B	2HB0.A	6,72	10,34	22,99
1FLC.A	4H14.A	5,24	5,15	16,49
2ZG3.A	6A56.A	5,69	6,02	14,46
3WUD.A	2XBO.1	9,19	2,67	14,67
1GV9.A	3A5P.C	5,06	8,14	15,12
2ZG3.A	4CSD.B	5,81	7,81	14,06
1O9V.A	4AFC.A	5,64	3,88	13,59
1B09.A	1GV9.A	3,73	5,23	16,34
3A5P.C	5NNW.C	6,21	8,11	22,97
3WUD.A	2RKC.A	6,31	2,22	12,22
4GWJ.A	2XBO.1	4,48	2,80	19,63
1B09.A	3WG4.A	4,05	8,27	24,06
1IIY.A	5IK4.A	5,04	5,26	14,04
1B09.A	1UXA.A	6,50	2,41	16,87
4MBZ.F	2XBO.1	4,48	3,73	16,42
3WG4.A	4AFC.A	6,39	6,60	20,75
4YG0.A	1Y2X.B	6,45	11,22	17,35
1ZHQ.H	4WE2.A	5,85	7,81	12,50
2L2F.A	4AFC.A	5,28	14,29	21,43
1GV9.A	4Q56.A	6,21	8,33	25,00
3CQO.B	3QC5.X	6,58	8,18	20,13
1KIU.L	4L92.A	5,07	9,71	21,36
5T5P.A	1Y2X.B	8,84	6,45	22,58
2L9Y.A	5NNW.C	8,43	5,63	8,45
2ZG3.A	2WN3.C	7,69	1,79	12,50
2RKC.A	4AGG.A	4,20	8,43	18,07
5E6T.B	5V6K.A	9,18	4,35	13,04
2WRA.A	2WN3.C	4,89	9,88	14,81
2L2F.A	5NNW.C	6,38	7,81	25,00
2RKC.A	5NWP.B	5,07	6,17	18,52
1FLC.A	2JWP.A	4,71	6,45	17,74
2JWP.A	4CSD.B	8,96	7,14	15,71
5OFZ.D	2JWP.A	4,18	9,64	34,94
2L2F.A	2XBO.1	6,05	1,89	16,98
5E6T.B	3CQO.B	5,76	7,32	19,51
4B4P.A	6A56.A	5,25	1,25	18,75
5E6T.B	1OSY.B	5,32	7,32	13,41
1Y2X.B	4AGG.A	5,44	4,11	19,18
1J8R.A	2WN3.C	5,77	4,95	20,79
1KIU.L	5NWP.B	4,05	6,52	17,39
4MBZ.F	2JWP.A	5,57	3,17	17,46
2WN3.C	4F8L.A	4,73	7,14	16,67
5T5P.A	1EO8.A	6,07	14,05	24,79
4Q56.A	2HB0.A	4,83	10,11	23,60
1O9V.A	4MBZ.F	5,27	10,00	24,29
4MBZ.F	4TQM.A	7,30	12,31	20,00
2WT2.A	4Q56.A	6,51	7,04	21,13
1EO8.A	2WRA.A	4,37	2,70	16,22
2WN3.C	4TQM.A	6,78	6,06	10,61
1Y2X.B	2HB0.A	4,62	2,50	8,75
1OD7.A	4B4P.A	5,67	4,82	13,25
4WE2.A	5NWP.B	6,74	6,57	16,06
1FLC.A	3WMP.D	4,37	6,10	20,73
1J8R.A	2A6V.A	5,68	2,90	18,84
3ZZV.C	5MB4.A	3,51	2,47	17,28
4B4P.A	4TQM.A	5,14	8,06	16,13
3WG4.A	2WN3.C	6,59	9,09	23,64
2A6V.A	6A56.A	5,08	9,60	20,80
2WRA.A	4F8L.A	4,07	2,47	14,81
2W9L.Q	3A5P.C	6,44	3,13	14,06
2W9L.Q	4AGG.A	4,85	5,75	20,69
2WN3.C	3IYK.K	6,95	9,84	18,03
1ZHQ.H	2A6V.A	7,57	3,39	20,34
2RKC.A	2W9L.Q	6,91	4,11	6,85
3WMP.D	5ZHG.A	6,74	3,08	21,54
1O9V.A	4TQM.A	8,92	5,71	21,43
2JZJ.A	2JWP.A	8,90	10,14	23,19
1J8R.A	1O9V.A	6,51	11,43	24,29
4B4P.A	5IK4.A	5,20	3,26	14,13
3IYK.K	4CSD.B	8,14	7,77	16,50
1EO8.A	3IYK.K	5,33	6,06	16,67
5V6K.A	3QC5.X	9,56	11,84	27,63
2JWP.A	2RKC.A	5,98	6,35	20,63
5T5P.A	1UXA.A	6,26	6,31	22,52
1O9V.A	5V6K.A	7,82	4,88	17,07
4AGG.A	5NNW.C	6,84	3,37	12,36
4Q56.A	3QC5.X	4,28	6,25	23,75
2JZJ.A	2ZG3.A	5,91	5,71	18,57
2L2F.A	6A56.A	7,93	7,02	21,05
1IIY.A	1ZHQ.H	7,71	7,14	19,64
3WUD.A	5MB4.A	6,41	4,35	20,65
5NNW.C	4TQM.A	5,88	9,20	19,54
1OD7.A	2HB0.A	4,27	5,05	21,21
2HB0.A	4AGG.A	6,99	3,37	12,36
5ZHG.A	3ZZV.C	5,55	4,29	18,57
2WRA.A	4AFC.A	4,01	7,50	20,00
3CQO.B	1OSY.B	5,31	3,85	8,97
2WQ4.B	3QC5.X	6,32	7,27	20,00
1UXA.A	2JWP.A	5,96	2,56	19,23
2JWP.A	5NNW.C	6,27	1,90	18,10
2JWP.A	4AFC.A	5,50	6,12	20,41
3QC5.X	4AGG.A	6,53	6,32	15,79
5OFZ.D	5NNW.C	7,57	7,04	23,94
5NWP.B	3ZZV.C	7,53	8,82	17,65
5E6T.B	4H14.A	6,35	3,23	16,13
2A6V.A	4AGG.A	3,01	11,03	30,15
2WRA.A	1ZHQ.H	6,27	2,00	14,00
2JZJ.A	1O9V.A	6,39	9,68	19,35
1UXA.A	2WQ4.B	6,13	6,52	23,91
1OD7.A	5ZHG.A	7,88	2,86	15,71
1B09.A	2JWP.A	5,03	10,28	22,43
4GWJ.A	1KIU.L	5,08	3,45	13,79
2RKC.A	3IYK.K	6,64	6,86	15,69
1B09.A	3ZZV.C	4,72	12,31	16,92
1Y2X.B	4H14.A	6,42	3,85	12,82
1IIY.A	4AGG.A	6,89	8,06	20,97
2JZJ.A	3QC5.X	6,82	4,82	14,46
1OD7.A	2A6V.A	5,36	4,95	20,79
4GWJ.A	4AFC.A	5,90	2,78	9,26
5OFZ.D	2XBO.1	4,92	10,23	23,86
2XBO.1	3QC5.X	7,65	8,57	18,10
2JWP.A	4F8L.A	5,62	3,49	10,47
3WMP.D	4L92.A	4,26	3,95	13,16
3WUD.A	4WE2.A	6,37	10,77	24,62
5T5P.A	5ZHG.A	5,50	9,38	24,22
2RKC.A	4B4P.A	5,13	1,35	10,81
2WN3.C	5IK4.A	4,64	6,93	22,77
2WT2.A	1KIU.L	6,31	10,81	19,82
1J8R.A	1UXA.A	5,39	8,26	19,27
2L2F.A	5NWP.B	6,70	5,88	7,35
1EO8.A	1OD7.A	6,80	10,67	22,67
2WRA.A	4YG0.A	8,21	5,56	18,89
5E6T.B	4B4P.A	5,86	10,26	19,23
3WUD.A	1B09.A	4,16	7,50	21,67
1KIU.L	1OD7.A	4,92	7,92	22,77
1J8R.A	4TQM.A	6,68	4,00	18,67
2JZJ.A	1J8R.A	6,01	3,57	10,71
2ARZ.A	2HB0.A	5,83	4,94	14,81
5ZHG.A	5MB4.A	5,91	3,37	22,47
3WMP.D	4CSD.B	7,70	6,56	18,03
1EO8.A	1J8R.A	5,39	5,13	8,97
2WT2.A	4TQM.A	6,48	6,25	19,64
1GV9.A	5OFZ.D	6,93	6,41	12,82
1UXA.A	4Q56.A	6,12	7,87	25,84
1O9V.A	3A5P.C	6,86	5,71	17,14
2A6V.A	4L92.A	6,58	4,35	23,19
4YG0.A	3QC5.X	5,85	7,04	14,08
1KIU.L	5MB4.A	6,53	2,70	10,81
1B09.A	4B4P.A	5,49	8,05	14,94
4F8L.A	5MB4.A	6,28	4,55	19,70
1GV9.A	3ZZV.C	4,41	10,14	23,19
2HB0.A	5ZHG.A	8,95	11,54	25,64
2RKC.A	4WE2.A	7,31	7,59	20,25
1IIY.A	5MB4.A	3,93	8,96	17,91
3CQO.B	4TQM.A	8,43	1,30	10,39
3A5P.C	4CSD.B	5,74	4,65	15,12
2JZJ.A	4MBZ.F	8,51	2,99	13,43
4H14.A	5MB4.A	6,88	10,28	15,89
1B09.A	2WN3.C	5,57	9,28	24,74
1B09.A	5MB4.A	5,68	8,13	24,39
3WUD.A	3WG4.A	2,88	19,13	41,74
2JWP.A	3IYK.K	4,28	10,45	20,90
5OFZ.D	1UXA.A	6,45	14,10	29,49
4YG0.A	1ZHQ.H	6,19	9,26	22,22
4AGG.A	4F8L.A	5,71	5,26	17,89
1OD7.A	4L92.A	5,55	3,53	11,76
3WMP.D	5NNW.C	9,37	2,35	11,76
1OD7.A	3IYK.K	6,78	2,67	17,33
3WMP.D	4H14.A	6,31	6,41	15,38
3QC5.X	4CSD.B	6,76	5,81	15,12
4AFC.A	4WE2.A	7,39	4,71	10,59
1J8R.A	3WMP.D	5,12	4,44	11,11
1KIU.L	4F8L.A	4,50	8,80	15,20
3CQO.B	4F8L.A	5,34	7,95	21,59
5V6K.A	3ZZV.C	5,41	11,59	20,29
5V6K.A	4L92.A	9,16	7,06	12,94
1EO8.A	1ZHQ.H	9,87	8,45	21,13
1ZHQ.H	4B4P.A	6,76	8,33	25,00
1B09.A	5E6T.B	7,82	8,22	21,92
3QC5.X	5NWP.B	4,17	7,69	23,08
5E6T.B	1IIY.A	6,60	9,72	18,06
3WMP.D	4WE2.A	5,33	11,11	25,40
1OSY.B	5V6K.A	7,14	1,85	18,52
2A6V.A	3WMP.D	4,83	7,02	21,05
5T5P.A	2A6V.A	2,95	12,37	23,71
4YG0.A	4F8L.A	5,33	6,25	14,06
1KIU.L	5V6K.A	7,18	5,56	18,06
4GWJ.A	4Q56.A	4,51	4,88	19,51
2WQ4.B	5NWP.B	4,95	3,85	15,38
2L9Y.A	2WN3.C	7,39	5,97	13,43
1OD7.A	3WMP.D	5,15	5,13	14,10
1OD7.A	5IK4.A	5,73	9,57	17,02
1OSY.B	5ZHG.A	7,37	9,23	24,62
3IYK.K	5MB4.A	4,97	7,79	19,48
4MBZ.F	4F8L.A	7,09	8,05	27,59
5OFZ.D	4B4P.A	4,90	12,33	27,40
5V6K.A	2RKC.A	8,29	5,26	21,05
1GV9.A	1ZHQ.H	6,52	5,26	12,28
5NNW.C	6A56.A	6,92	5,26	18,42
1FLC.A	4AGG.A	4,32	5,88	17,65
1UXA.A	2W9L.Q	2,37	22,49	38,46
2L2F.A	4L92.A	6,90	7,02	19,30
4MBZ.F	2RKC.A	7,82	5,94	15,84
2WRA.A	4TQM.A	5,43	6,45	14,52
2WN3.C	2XBO.1	4,82	7,02	15,79
4AFC.A	4L92.A	6,12	6,32	20,00
1UXA.A	2WN3.C	5,58	5,49	23,08
1J8R.A	5IK4.A	5,35	8,11	13,51
1OSY.B	4MBZ.F	5,24	4,76	20,24
4YG0.A	5V6K.A	5,93	6,25	21,25
2WT2.A	4AFC.A	5,80	4,49	15,73
4B4P.A	5NNW.C	6,67	1,30	16,88
1FLC.A	1OSY.B	7,34	6,33	18,99
2L9Y.A	2XBO.1	8,46	9,09	13,64
2XBO.1	5NNW.C	6,86	5,00	15,00
5V6K.A	3WMP.D	7,92	8,06	20,97
2WQ4.B	4H14.A	6,33	9,52	22,62
3WG4.A	5IK4.A	4,14	7,20	21,60
3WUD.A	1IIY.A	5,36	5,45	27,27
2JZJ.A	1OSY.B	6,54	1,52	16,67
4YG0.A	5ZHG.A	4,04	10,22	29,20
2WT2.A	2RKC.A	7,03	6,12	21,43
4GWJ.A	3WG4.A	5,62	10,71	22,62
2JZJ.A	5V6K.A	8,03	1,52	12,12
1GV9.A	2ARZ.A	8,10	2,15	17,20
3WUD.A	1OSY.B	5,34	14,86	24,32
5NNW.C	5NWP.B	5,80	6,98	11,63
5V6K.A	2WN3.C	7,32	10,81	21,62
1KIU.L	2ZG3.A	6,01	5,93	14,41
5T5P.A	2HB0.A	5,65	2,61	13,91
2L9Y.A	6A56.A	8,60	6,15	16,92
2L9Y.A	4L92.A	5,94	6,35	17,46
2L9Y.A	4CSD.B	7,82	12,33	20,55
1J8R.A	6A56.A	6,16	6,36	23,64
2L2F.A	4AGG.A	5,32	7,94	28,57
4AGG.A	4TQM.A	6,44	8,33	21,88
1B09.A	5NWP.B	5,27	6,00	17,00
3WUD.A	4AFC.A	5,36	2,74	13,70
4GWJ.A	4L92.A	5,51	5,05	14,14
3CQO.B	2JWP.A	4,07	7,34	18,35
5OFZ.D	2ARZ.A	9,24	10,00	20,00
1OSY.B	2WN3.C	5,64	7,89	22,37
2L2F.A	2L9Y.A	5,06	33,33	46,46
4MBZ.F	1ZHQ.H	7,19	4,76	14,29
1ZHQ.H	4AGG.A	6,17	4,08	14,29
2WRA.A	4GWJ.A	4,41	3,61	20,48
5V6K.A	4WE2.A	6,36	8,06	20,97
1FLC.A	2W9L.Q	5,89	9,43	20,75
3WUD.A	4Q56.A	4,72	4,23	16,90
2WT2.A	2JWP.A	5,36	7,07	18,18
2WN3.C	4L92.A	5,95	5,83	13,59
2L2F.A	1O9V.A	8,36	8,22	20,55
4GWJ.A	2WN3.C	3,35	13,64	28,79
2XBO.1	5ZHG.A	5,92	6,25	16,67
5V6K.A	4TQM.A	6,80	6,45	18,28
3CQO.B	4Q56.A	5,26	3,61	16,87
2WT2.A	4WE2.A	10,43	7,79	19,48
1FLC.A	5OFZ.D	4,61	5,33	21,33
1IIY.A	2WN3.C	8,78	6,78	16,95
3IYK.K	4AGG.A	3,97	5,61	16,82
1FLC.A	2XBO.1	5,73	7,07	18,18
6A56.A	4CSD.B	6,25	2,63	13,16
2WT2.A	4YG0.A	4,68	9,09	19,83
1B09.A	4TQM.A	5,99	6,17	20,99
5T5P.A	2JWP.A	4,60	7,30	21,17
1O9V.A	1Y2X.B	6,47	4,04	10,10
2ZG3.A	2XBO.1	5,37	8,33	15,48
5E6T.B	2L2F.A	6,85	4,92	13,11
1Y2X.B	4L92.A	5,80	6,41	17,95
2A6V.A	4F8L.A	6,39	3,74	16,82
5E6T.B	2W9L.Q	5,50	9,52	19,05
3IYK.K	6A56.A	5,58	8,00	18,67
4H14.A	5IK4.A	4,13	2,48	11,57
5V6K.A	5NNW.C	6,21	4,41	13,24
2ARZ.A	4AGG.A	5,25	9,38	18,75
2WRA.A	2RKC.A	6,83	5,80	17,39
2ARZ.A	3A5P.C	5,83	4,92	11,48
4Q56.A	5MB4.A	5,70	3,57	14,29
4GWJ.A	2HB0.A	4,28	4,00	17,00
4YG0.A	2A6V.A	4,79	4,31	14,66
4YG0.A	4L92.A	5,61	1,43	24,29
1ZHQ.H	3WMP.D	5,95	6,82	18,18
4GWJ.A	4CSD.B	9,17	5,56	12,22
2W9L.Q	4F8L.A	5,40	6,67	11,11
1EO8.A	2HB0.A	4,93	6,93	19,80
1J8R.A	3QC5.X	4,08	3,33	14,17
1GV9.A	5NWP.B	6,22	7,61	14,13
1J8R.A	1OSY.B	5,13	2,33	11,63
5E6T.B	4AFC.A	7,00	7,14	15,48
5OFZ.D	4AGG.A	6,41	10,11	17,98
4L92.A	4TQM.A	7,38	8,97	20,51
2L2F.A	1OSY.B	5,16	7,41	20,37
2XBO.1	5MB4.A	6,99	3,90	15,58
2WT2.A	1ZHQ.H	6,90	10,00	20,00
5V6K.A	2XBO.1	8,71	9,59	24,66
3WG4.A	3ZZV.C	3,55	5,88	14,71
4YG0.A	2JWP.A	4,67	7,79	24,68
1Y2X.B	2WQ4.B	8,77	5,13	16,67
5OFZ.D	4F8L.A	5,21	7,32	18,29
1KIU.L	2XBO.1	6,47	10,17	27,97
2JWP.A	5IK4.A	4,22	8,65	17,31
5E6T.B	2A6V.A	5,86	5,71	8,57
1FLC.A	2WQ4.B	4,56	8,16	24,49
5T5P.A	3A5P.C	4,70	3,61	18,07
3WUD.A	2L9Y.A	5,53	4,26	12,77
3WG4.A	2A6V.A	3,67	8,96	24,63
1OD7.A	2RKC.A	7,31	1,41	15,49
2L2F.A	4Q56.A	5,01	6,52	17,39
4B4P.A	4CSD.B	6,10	5,41	17,57
1OSY.B	3IYK.K	5,36	4,84	12,90
5E6T.B	5NNW.C	10,84	5,75	17,24
3WUD.A	4H14.A	5,61	6,67	22,50
5T5P.A	2L9Y.A	9,43	9,38	15,63
4MBZ.F	5IK4.A	6,02	2,86	11,43
1IIY.A	3WG4.A	6,54	10,00	25,71
4Q56.A	3A5P.C	6,47	4,00	10,00
1KIU.L	2WN3.C	9,47	7,19	18,30
5T5P.A	4AFC.A	5,52	6,84	15,38
2WRA.A	3A5P.C	5,79	12,33	20,55
3CQO.B	5NWP.B	6,83	4,04	18,18
2WRA.A	5IK4.A	5,58	5,95	15,48
2WQ4.B	3IYK.K	6,92	11,43	15,71
2WT2.A	4H14.A	3,51	4,80	20,00
1EO8.A	1KIU.L	5,16	11,22	27,55
1O9V.A	4WE2.A	6,00	9,56	16,91
1GV9.A	4AGG.A	2,71	8,21	25,37
2HB0.A	4L92.A	4,88	5,98	15,38
1FLC.A	4Q56.A	4,62	8,64	25,93
1GV9.A	1UXA.A	5,71	7,06	21,18
1J8R.A	2HB0.A	5,75	5,17	18,10
4Q56.A	2WQ4.B	4,03	5,81	19,77
1EO8.A	1UXA.A	6,68	4,12	19,59
1ZHQ.H	3QC5.X	6,16	4,29	11,43
